15 Minutes,Lane 1 Flow (Veh/15 Minutes),direction
1/10/2006 00:00,48,NE
1/10/2006 00:15,50,NE
1/10/2006 00:30,44,NE
1/10/2006 00:45,51,NE
1/10/2006 01:00,41,NE
1/10/2006 01:15,37,NE
1/10/2006 01:30,34,NE
1/10/2006 01:45,35,NE
1/10/2006 02:00,39,NE
1/10/2006 02:15,25,NE
1/10/2006 02:30,41,NE
1/10/2006 02:45,21,NE
1/10/2006 03:00,30,NE
1/10/2006 03:15,24,NE
1/10/2006 03:30,24,NE
1/10/2006 03:45,15,NE
1/10/2006 04:00,26,NE
1/10/2006 04:15,24,NE
1/10/2006 04:30,17,NE
1/10/2006 04:45,15,NE
1/10/2006 05:00,21,NE
1/10/2006 05:15,22,NE
1/10/2006 05:30,25,NE
1/10/2006 05:45,13,NE
1/10/2006 06:00,26,NE
1/10/2006 06:15,20,NE
1/10/2006 06:30,36,NE
1/10/2006 06:45,41,NE
1/10/2006 07:00,37,NE
1/10/2006 07:15,49,NE
1/10/2006 07:30,54,NE
1/10/2006 07:45,63,NE
1/10/2006 08:00,50,NE
1/10/2006 08:15,70,NE
1/10/2006 08:30,85,NE
1/10/2006 08:45,68,NE
1/10/2006 09:00,93,NE
1/10/2006 09:15,117,NE
1/10/2006 09:30,141,NE
1/10/2006 09:45,143,NE
1/10/2006 10:00,121,NE
1/10/2006 10:15,144,NE
1/10/2006 10:30,157,NE
1/10/2006 10:45,132,NE
1/10/2006 11:00,171,NE
1/10/2006 11:15,152,NE
1/10/2006 11:30,156,NE
1/10/2006 11:45,154,NE
1/10/2006 12:00,141,NE
1/10/2006 12:15,189,NE
1/10/2006 12:30,173,NE
1/10/2006 12:45,156,NE
1/10/2006 13:00,183,NE
1/10/2006 13:15,170,NE
1/10/2006 13:30,162,NE
1/10/2006 13:45,197,NE
1/10/2006 14:00,147,NE
1/10/2006 14:15,177,NE
1/10/2006 14:30,148,NE
1/10/2006 14:45,156,NE
1/10/2006 15:00,143,NE
1/10/2006 15:15,141,NE
1/10/2006 15:30,140,NE
1/10/2006 15:45,143,NE
1/10/2006 16:00,146,NE
1/10/2006 16:15,144,NE
1/10/2006 16:30,141,NE
1/10/2006 16:45,141,NE
1/10/2006 17:00,143,NE
1/10/2006 17:15,119,NE
1/10/2006 17:30,128,NE
1/10/2006 17:45,134,NE
1/10/2006 18:00,139,NE
1/10/2006 18:15,108,NE
1/10/2006 18:30,136,NE
1/10/2006 18:45,135,NE
1/10/2006 19:00,116,NE
1/10/2006 19:15,79,NE
1/10/2006 19:30,78,NE
1/10/2006 19:45,84,NE
1/10/2006 20:00,75,NE
1/10/2006 20:15,48,NE
1/10/2006 20:30,82,NE
1/10/2006 20:45,80,NE
1/10/2006 21:00,77,NE
1/10/2006 21:15,110,NE
1/10/2006 21:30,58,NE
1/10/2006 21:45,61,NE
1/10/2006 22:00,62,NE
1/10/2006 22:15,57,NE
1/10/2006 22:30,68,NE
1/10/2006 22:45,45,NE
1/10/2006 23:00,31,NE
1/10/2006 23:15,24,NE
1/10/2006 23:30,38,NE
1/10/2006 23:45,35,NE
2/10/2006 00:00,38,NE
2/10/2006 00:15,19,NE
2/10/2006 00:30,24,NE
2/10/2006 00:45,17,NE
2/10/2006 01:00,14,NE
2/10/2006 01:15,21,NE
2/10/2006 01:30,8,NE
2/10/2006 01:45,7,NE
2/10/2006 02:00,6,NE
2/10/2006 02:15,19,NE
2/10/2006 02:30,7,NE
2/10/2006 02:45,4,NE
2/10/2006 03:00,8,NE
2/10/2006 03:15,2,NE
2/10/2006 03:30,7,NE
2/10/2006 03:45,12,NE
2/10/2006 04:00,12,NE
2/10/2006 04:15,10,NE
2/10/2006 04:30,10,NE
2/10/2006 04:45,17,NE
2/10/2006 05:00,19,NE
2/10/2006 05:15,12,NE
2/10/2006 05:30,41,NE
2/10/2006 05:45,43,NE
2/10/2006 06:00,57,NE
2/10/2006 06:15,95,NE
2/10/2006 06:30,148,NE
2/10/2006 06:45,235,NE
2/10/2006 07:00,264,NE
2/10/2006 07:15,329,NE
2/10/2006 07:30,362,NE
2/10/2006 07:45,412,NE
2/10/2006 08:00,354,NE
2/10/2006 08:15,409,NE
2/10/2006 08:30,394,NE
2/10/2006 08:45,297,NE
2/10/2006 09:00,272,NE
2/10/2006 09:15,214,NE
2/10/2006 09:30,183,NE
2/10/2006 09:45,158,NE
2/10/2006 10:00,159,NE
2/10/2006 10:15,155,NE
2/10/2006 10:30,169,NE
2/10/2006 10:45,144,NE
2/10/2006 11:00,123,NE
2/10/2006 11:15,143,NE
2/10/2006 11:30,176,NE
2/10/2006 11:45,148,NE
2/10/2006 12:00,132,NE
2/10/2006 12:15,161,NE
2/10/2006 12:30,172,NE
2/10/2006 12:45,135,NE
2/10/2006 13:00,138,NE
2/10/2006 13:15,143,NE
2/10/2006 13:30,153,NE
2/10/2006 13:45,162,NE
2/10/2006 14:00,130,NE
2/10/2006 14:15,162,NE
2/10/2006 14:30,141,NE
2/10/2006 14:45,138,NE
2/10/2006 15:00,161,NE
2/10/2006 15:15,154,NE
2/10/2006 15:30,163,NE
2/10/2006 15:45,178,NE
2/10/2006 16:00,137,NE
2/10/2006 16:15,155,NE
2/10/2006 16:30,118,NE
2/10/2006 16:45,169,NE
2/10/2006 17:00,167,NE
2/10/2006 17:15,146,NE
2/10/2006 17:30,147,NE
2/10/2006 17:45,135,NE
2/10/2006 18:00,149,NE
2/10/2006 18:15,150,NE
2/10/2006 18:30,132,NE
2/10/2006 18:45,118,NE
2/10/2006 19:00,108,NE
2/10/2006 19:15,113,NE
2/10/2006 19:30,98,NE
2/10/2006 19:45,82,NE
2/10/2006 20:00,84,NE
2/10/2006 20:15,60,NE
2/10/2006 20:30,86,NE
2/10/2006 20:45,77,NE
2/10/2006 21:00,78,NE
2/10/2006 21:15,72,NE
2/10/2006 21:30,68,NE
2/10/2006 21:45,62,NE
2/10/2006 22:00,51,NE
2/10/2006 22:15,68,NE
2/10/2006 22:30,47,NE
2/10/2006 22:45,35,NE
2/10/2006 23:00,32,NE
2/10/2006 23:15,41,NE
2/10/2006 23:30,23,NE
2/10/2006 23:45,20,NE
3/10/2006 00:00,19,NE
3/10/2006 00:15,12,NE
3/10/2006 00:30,15,NE
3/10/2006 00:45,9,NE
3/10/2006 01:00,4,NE
3/10/2006 01:15,3,NE
3/10/2006 01:30,4,NE
3/10/2006 01:45,8,NE
3/10/2006 02:00,9,NE
3/10/2006 02:15,4,NE
3/10/2006 02:30,4,NE
3/10/2006 02:45,3,NE
3/10/2006 03:00,6,NE
3/10/2006 03:15,7,NE
3/10/2006 03:30,4,NE
3/10/2006 03:45,13,NE
3/10/2006 04:00,7,NE
3/10/2006 04:15,4,NE
3/10/2006 04:30,10,NE
3/10/2006 04:45,10,NE
3/10/2006 05:00,29,NE
3/10/2006 05:15,29,NE
3/10/2006 05:30,53,NE
3/10/2006 05:45,62,NE
3/10/2006 06:00,69,NE
3/10/2006 06:15,123,NE
3/10/2006 06:30,178,NE
3/10/2006 06:45,226,NE
3/10/2006 07:00,308,NE
3/10/2006 07:15,348,NE
3/10/2006 07:30,355,NE
3/10/2006 07:45,375,NE
3/10/2006 08:00,379,NE
3/10/2006 08:15,369,NE
3/10/2006 08:30,400,NE
3/10/2006 08:45,343,NE
3/10/2006 09:00,306,NE
3/10/2006 09:15,246,NE
3/10/2006 09:30,223,NE
3/10/2006 09:45,169,NE
3/10/2006 10:00,166,NE
3/10/2006 10:15,167,NE
3/10/2006 10:30,181,NE
3/10/2006 10:45,173,NE
3/10/2006 11:00,151,NE
3/10/2006 11:15,160,NE
3/10/2006 11:30,184,NE
3/10/2006 11:45,165,NE
3/10/2006 12:00,147,NE
3/10/2006 12:15,159,NE
3/10/2006 12:30,154,NE
3/10/2006 12:45,147,NE
3/10/2006 13:00,137,NE
3/10/2006 13:15,129,NE
3/10/2006 13:30,160,NE
3/10/2006 13:45,144,NE
3/10/2006 14:00,151,NE
3/10/2006 14:15,203,NE
3/10/2006 14:30,129,NE
3/10/2006 14:45,145,NE
3/10/2006 15:00,137,NE
3/10/2006 15:15,163,NE
3/10/2006 15:30,140,NE
3/10/2006 15:45,190,NE
3/10/2006 16:00,165,NE
3/10/2006 16:15,145,NE
3/10/2006 16:30,129,NE
3/10/2006 16:45,169,NE
3/10/2006 17:00,135,NE
3/10/2006 17:15,161,NE
3/10/2006 17:30,159,NE
3/10/2006 17:45,162,NE
3/10/2006 18:00,147,NE
3/10/2006 18:15,147,NE
3/10/2006 18:30,123,NE
3/10/2006 18:45,103,NE
3/10/2006 19:00,143,NE
3/10/2006 19:15,103,NE
3/10/2006 19:30,107,NE
3/10/2006 19:45,98,NE
3/10/2006 20:00,109,NE
3/10/2006 20:15,90,NE
3/10/2006 20:30,98,NE
3/10/2006 20:45,79,NE
3/10/2006 21:00,79,NE
3/10/2006 21:15,96,NE
3/10/2006 21:30,64,NE
3/10/2006 21:45,50,NE
3/10/2006 22:00,68,NE
3/10/2006 22:15,52,NE
3/10/2006 22:30,51,NE
3/10/2006 22:45,51,NE
3/10/2006 23:00,36,NE
3/10/2006 23:15,19,NE
3/10/2006 23:30,29,NE
3/10/2006 23:45,20,NE
4/10/2006 00:00,24,NE
4/10/2006 00:15,10,NE
4/10/2006 00:30,11,NE
4/10/2006 00:45,11,NE
4/10/2006 01:00,9,NE
4/10/2006 01:15,11,NE
4/10/2006 01:30,12,NE
4/10/2006 01:45,6,NE
4/10/2006 02:00,6,NE
4/10/2006 02:15,2,NE
4/10/2006 02:30,5,NE
4/10/2006 02:45,9,NE
4/10/2006 03:00,4,NE
4/10/2006 03:15,7,NE
4/10/2006 03:30,11,NE
4/10/2006 03:45,6,NE
4/10/2006 04:00,5,NE
4/10/2006 04:15,4,NE
4/10/2006 04:30,12,NE
4/10/2006 04:45,15,NE
4/10/2006 05:00,15,NE
4/10/2006 05:15,21,NE
4/10/2006 05:30,59,NE
4/10/2006 05:45,56,NE
4/10/2006 06:00,72,NE
4/10/2006 06:15,114,NE
4/10/2006 06:30,176,NE
4/10/2006 06:45,236,NE
4/10/2006 07:00,298,NE
4/10/2006 07:15,300,NE
4/10/2006 07:30,285,NE
4/10/2006 07:45,328,NE
4/10/2006 08:00,350,NE
4/10/2006 08:15,329,NE
4/10/2006 08:30,385,NE
4/10/2006 08:45,307,NE
4/10/2006 09:00,316,NE
4/10/2006 09:15,243,NE
4/10/2006 09:30,217,NE
4/10/2006 09:45,197,NE
4/10/2006 10:00,178,NE
4/10/2006 10:15,162,NE
4/10/2006 10:30,131,NE
4/10/2006 10:45,181,NE
4/10/2006 11:00,177,NE
4/10/2006 11:15,183,NE
4/10/2006 11:30,157,NE
4/10/2006 11:45,155,NE
4/10/2006 12:00,186,NE
4/10/2006 12:15,176,NE
4/10/2006 12:30,164,NE
4/10/2006 12:45,164,NE
4/10/2006 13:00,142,NE
4/10/2006 13:15,180,NE
4/10/2006 13:30,136,NE
4/10/2006 13:45,141,NE
4/10/2006 14:00,173,NE
4/10/2006 14:15,138,NE
4/10/2006 14:30,161,NE
4/10/2006 14:45,149,NE
4/10/2006 15:00,168,NE
4/10/2006 15:15,161,NE
4/10/2006 15:30,170,NE
4/10/2006 15:45,133,NE
4/10/2006 16:00,177,NE
4/10/2006 16:15,162,NE
4/10/2006 16:30,123,NE
4/10/2006 16:45,153,NE
4/10/2006 17:00,165,NE
4/10/2006 17:15,178,NE
4/10/2006 17:30,145,NE
4/10/2006 17:45,160,NE
4/10/2006 18:00,149,NE
4/10/2006 18:15,116,NE
4/10/2006 18:30,130,NE
4/10/2006 18:45,149,NE
4/10/2006 19:00,139,NE
4/10/2006 19:15,128,NE
4/10/2006 19:30,128,NE
4/10/2006 19:45,106,NE
4/10/2006 20:00,106,NE
4/10/2006 20:15,126,NE
4/10/2006 20:30,94,NE
4/10/2006 20:45,79,NE
4/10/2006 21:00,104,NE
4/10/2006 21:15,83,NE
4/10/2006 21:30,74,NE
4/10/2006 21:45,102,NE
4/10/2006 22:00,82,NE
4/10/2006 22:15,67,NE
4/10/2006 22:30,61,NE
4/10/2006 22:45,50,NE
4/10/2006 23:00,40,NE
4/10/2006 23:15,35,NE
4/10/2006 23:30,33,NE
4/10/2006 23:45,30,NE
5/10/2006 00:00,20,NE
5/10/2006 00:15,21,NE
5/10/2006 00:30,15,NE
5/10/2006 00:45,11,NE
5/10/2006 01:00,7,NE
5/10/2006 01:15,12,NE
5/10/2006 01:30,18,NE
5/10/2006 01:45,13,NE
5/10/2006 02:00,7,NE
5/10/2006 02:15,6,NE
5/10/2006 02:30,6,NE
5/10/2006 02:45,5,NE
5/10/2006 03:00,11,NE
5/10/2006 03:15,11,NE
5/10/2006 03:30,6,NE
5/10/2006 03:45,10,NE
5/10/2006 04:00,6,NE
5/10/2006 04:15,9,NE
5/10/2006 04:30,9,NE
5/10/2006 04:45,22,NE
5/10/2006 05:00,15,NE
5/10/2006 05:15,41,NE
5/10/2006 05:30,49,NE
5/10/2006 05:45,47,NE
5/10/2006 06:00,82,NE
5/10/2006 06:15,100,NE
5/10/2006 06:30,171,NE
5/10/2006 06:45,238,NE
5/10/2006 07:00,299,NE
5/10/2006 07:15,361,NE
5/10/2006 07:30,408,NE
5/10/2006 07:45,408,NE
5/10/2006 08:00,347,NE
5/10/2006 08:15,361,NE
5/10/2006 08:30,403,NE
5/10/2006 08:45,339,NE
5/10/2006 09:00,311,NE
5/10/2006 09:15,246,NE
5/10/2006 09:30,304,NE
5/10/2006 09:45,207,NE
5/10/2006 10:00,191,NE
5/10/2006 10:15,179,NE
5/10/2006 10:30,183,NE
5/10/2006 10:45,161,NE
5/10/2006 11:00,150,NE
5/10/2006 11:15,166,NE
5/10/2006 11:30,153,NE
5/10/2006 11:45,189,NE
5/10/2006 12:00,155,NE
5/10/2006 12:15,151,NE
5/10/2006 12:30,151,NE
5/10/2006 12:45,175,NE
5/10/2006 13:00,190,NE
5/10/2006 13:15,122,NE
5/10/2006 13:30,142,NE
5/10/2006 13:45,142,NE
5/10/2006 14:00,178,NE
5/10/2006 14:15,142,NE
5/10/2006 14:30,165,NE
5/10/2006 14:45,121,NE
5/10/2006 15:00,159,NE
5/10/2006 15:15,167,NE
5/10/2006 15:30,150,NE
5/10/2006 15:45,92,NE
5/10/2006 16:00,70,NE
5/10/2006 16:15,160,NE
5/10/2006 16:30,156,NE
5/10/2006 16:45,134,NE
5/10/2006 17:00,159,NE
5/10/2006 17:15,192,NE
5/10/2006 17:30,159,NE
5/10/2006 17:45,150,NE
5/10/2006 18:00,145,NE
5/10/2006 18:15,162,NE
5/10/2006 18:30,140,NE
5/10/2006 18:45,127,NE
5/10/2006 19:00,115,NE
5/10/2006 19:15,119,NE
5/10/2006 19:30,111,NE
5/10/2006 19:45,121,NE
5/10/2006 20:00,92,NE
5/10/2006 20:15,105,NE
5/10/2006 20:30,81,NE
5/10/2006 20:45,95,NE
5/10/2006 21:00,87,NE
5/10/2006 21:15,77,NE
5/10/2006 21:30,96,NE
5/10/2006 21:45,82,NE
5/10/2006 22:00,84,NE
5/10/2006 22:15,81,NE
5/10/2006 22:30,77,NE
5/10/2006 22:45,68,NE
5/10/2006 23:00,50,NE
5/10/2006 23:15,35,NE
5/10/2006 23:30,33,NE
5/10/2006 23:45,29,NE
6/10/2006 00:00,34,NE
6/10/2006 00:15,16,NE
6/10/2006 00:30,24,NE
6/10/2006 00:45,22,NE
6/10/2006 01:00,13,NE
6/10/2006 01:15,9,NE
6/10/2006 01:30,12,NE
6/10/2006 01:45,10,NE
6/10/2006 02:00,13,NE
6/10/2006 02:15,16,NE
6/10/2006 02:30,13,NE
6/10/2006 02:45,5,NE
6/10/2006 03:00,11,NE
6/10/2006 03:15,13,NE
6/10/2006 03:30,15,NE
6/10/2006 03:45,5,NE
6/10/2006 04:00,10,NE
6/10/2006 04:15,7,NE
6/10/2006 04:30,17,NE
6/10/2006 04:45,21,NE
6/10/2006 05:00,16,NE
6/10/2006 05:15,28,NE
6/10/2006 05:30,50,NE
6/10/2006 05:45,73,NE
6/10/2006 06:00,73,NE
6/10/2006 06:15,101,NE
6/10/2006 06:30,163,NE
6/10/2006 06:45,245,NE
6/10/2006 07:00,286,NE
6/10/2006 07:15,348,NE
6/10/2006 07:30,392,NE
6/10/2006 07:45,326,NE
6/10/2006 08:00,343,NE
6/10/2006 08:15,346,NE
6/10/2006 08:30,382,NE
6/10/2006 08:45,146,NE
6/10/2006 09:00,136,NE
6/10/2006 09:15,231,NE
6/10/2006 09:30,206,NE
6/10/2006 09:45,180,NE
6/10/2006 10:00,191,NE
6/10/2006 10:15,160,NE
6/10/2006 10:30,160,NE
6/10/2006 10:45,185,NE
6/10/2006 11:00,178,NE
6/10/2006 11:15,188,NE
6/10/2006 11:30,183,NE
6/10/2006 11:45,167,NE
6/10/2006 12:00,139,NE
6/10/2006 12:15,185,NE
6/10/2006 12:30,150,NE
6/10/2006 12:45,168,NE
6/10/2006 13:00,160,NE
6/10/2006 13:15,161,NE
6/10/2006 13:30,171,NE
6/10/2006 13:45,140,NE
6/10/2006 14:00,152,NE
6/10/2006 14:15,134,NE
6/10/2006 14:30,169,NE
6/10/2006 14:45,142,NE
6/10/2006 15:00,169,NE
6/10/2006 15:15,170,NE
6/10/2006 15:30,178,NE
6/10/2006 15:45,144,NE
6/10/2006 16:00,182,NE
6/10/2006 16:15,171,NE
6/10/2006 16:30,154,NE
6/10/2006 16:45,175,NE
6/10/2006 17:00,158,NE
6/10/2006 17:15,151,NE
6/10/2006 17:30,165,NE
6/10/2006 17:45,150,NE
6/10/2006 18:00,153,NE
6/10/2006 18:15,177,NE
6/10/2006 18:30,167,NE
6/10/2006 18:45,169,NE
6/10/2006 19:00,143,NE
6/10/2006 19:15,139,NE
6/10/2006 19:30,145,NE
6/10/2006 19:45,131,NE
6/10/2006 20:00,132,NE
6/10/2006 20:15,123,NE
6/10/2006 20:30,104,NE
6/10/2006 20:45,91,NE
6/10/2006 21:00,100,NE
6/10/2006 21:15,89,NE
6/10/2006 21:30,99,NE
6/10/2006 21:45,90,NE
6/10/2006 22:00,87,NE
6/10/2006 22:15,96,NE
6/10/2006 22:30,93,NE
6/10/2006 22:45,83,NE
6/10/2006 23:00,89,NE
6/10/2006 23:15,77,NE
6/10/2006 23:30,72,NE
6/10/2006 23:45,57,NE
7/10/2006 00:00,57,NE
7/10/2006 00:15,46,NE
7/10/2006 00:30,45,NE
7/10/2006 00:45,54,NE
7/10/2006 01:00,32,NE
7/10/2006 01:15,38,NE
7/10/2006 01:30,38,NE
7/10/2006 01:45,29,NE
7/10/2006 02:00,29,NE
7/10/2006 02:15,31,NE
7/10/2006 02:30,27,NE
7/10/2006 02:45,23,NE
7/10/2006 03:00,16,NE
7/10/2006 03:15,23,NE
7/10/2006 03:30,23,NE
7/10/2006 03:45,16,NE
7/10/2006 04:00,14,NE
7/10/2006 04:15,17,NE
7/10/2006 04:30,11,NE
7/10/2006 04:45,19,NE
7/10/2006 05:00,13,NE
7/10/2006 05:15,17,NE
7/10/2006 05:30,37,NE
7/10/2006 05:45,36,NE
7/10/2006 06:00,38,NE
7/10/2006 06:15,49,NE
7/10/2006 06:30,72,NE
7/10/2006 06:45,73,NE
7/10/2006 07:00,62,NE
7/10/2006 07:15,71,NE
7/10/2006 07:30,96,NE
7/10/2006 07:45,95,NE
7/10/2006 08:00,109,NE
7/10/2006 08:15,95,NE
7/10/2006 08:30,138,NE
7/10/2006 08:45,145,NE
7/10/2006 09:00,147,NE
7/10/2006 09:15,136,NE
7/10/2006 09:30,188,NE
7/10/2006 09:45,165,NE
7/10/2006 10:00,174,NE
7/10/2006 10:15,155,NE
7/10/2006 10:30,163,NE
7/10/2006 10:45,192,NE
7/10/2006 11:00,144,NE
7/10/2006 11:15,156,NE
7/10/2006 11:30,192,NE
7/10/2006 11:45,185,NE
7/10/2006 12:00,192,NE
7/10/2006 12:15,209,NE
7/10/2006 12:30,178,NE
7/10/2006 12:45,183,NE
7/10/2006 13:00,179,NE
7/10/2006 13:15,165,NE
7/10/2006 13:30,178,NE
7/10/2006 13:45,161,NE
7/10/2006 14:00,153,NE
7/10/2006 14:15,198,NE
7/10/2006 14:30,125,NE
7/10/2006 14:45,160,NE
7/10/2006 15:00,167,NE
7/10/2006 15:15,150,NE
7/10/2006 15:30,147,NE
7/10/2006 15:45,157,NE
7/10/2006 16:00,142,NE
7/10/2006 16:15,151,NE
7/10/2006 16:30,133,NE
7/10/2006 16:45,149,NE
7/10/2006 17:00,137,NE
7/10/2006 17:15,119,NE
7/10/2006 17:30,141,NE
7/10/2006 17:45,129,NE
7/10/2006 18:00,164,NE
7/10/2006 18:15,192,NE
7/10/2006 18:30,137,NE
7/10/2006 18:45,168,NE
7/10/2006 19:00,192,NE
7/10/2006 19:15,143,NE
7/10/2006 19:30,133,NE
7/10/2006 19:45,107,NE
7/10/2006 20:00,132,NE
7/10/2006 20:15,138,NE
7/10/2006 20:30,105,NE
7/10/2006 20:45,95,NE
7/10/2006 21:00,96,NE
7/10/2006 21:15,97,NE
7/10/2006 21:30,84,NE
7/10/2006 21:45,101,NE
7/10/2006 22:00,91,NE
7/10/2006 22:15,78,NE
7/10/2006 22:30,90,NE
7/10/2006 22:45,71,NE
7/10/2006 23:00,75,NE
7/10/2006 23:15,83,NE
7/10/2006 23:30,84,NE
7/10/2006 23:45,63,NE
8/10/2006 00:00,62,NE
8/10/2006 00:15,56,NE
8/10/2006 00:30,57,NE
8/10/2006 00:45,52,NE
8/10/2006 01:00,59,NE
8/10/2006 01:15,32,NE
8/10/2006 01:30,37,NE
8/10/2006 01:45,22,NE
8/10/2006 02:00,35,NE
8/10/2006 02:15,38,NE
8/10/2006 02:30,33,NE
8/10/2006 02:45,22,NE
8/10/2006 03:00,27,NE
8/10/2006 03:15,40,NE
8/10/2006 03:30,25,NE
8/10/2006 03:45,25,NE
8/10/2006 04:00,23,NE
8/10/2006 04:15,6,NE
8/10/2006 04:30,16,NE
8/10/2006 04:45,15,NE
8/10/2006 05:00,25,NE
8/10/2006 05:15,14,NE
8/10/2006 05:30,21,NE
8/10/2006 05:45,31,NE
8/10/2006 06:00,28,NE
8/10/2006 06:15,24,NE
8/10/2006 06:30,49,NE
8/10/2006 06:45,30,NE
8/10/2006 07:00,23,NE
8/10/2006 07:15,38,NE
8/10/2006 07:30,48,NE
8/10/2006 07:45,38,NE
8/10/2006 08:00,57,NE
8/10/2006 08:15,65,NE
8/10/2006 08:30,74,NE
8/10/2006 08:45,82,NE
8/10/2006 09:00,106,NE
8/10/2006 09:15,105,NE
8/10/2006 09:30,129,NE
8/10/2006 09:45,174,NE
8/10/2006 10:00,149,NE
8/10/2006 10:15,144,NE
8/10/2006 10:30,169,NE
8/10/2006 10:45,118,NE
8/10/2006 11:00,160,NE
8/10/2006 11:15,155,NE
8/10/2006 11:30,162,NE
8/10/2006 11:45,156,NE
8/10/2006 12:00,180,NE
8/10/2006 12:15,170,NE
8/10/2006 12:30,181,NE
8/10/2006 12:45,153,NE
8/10/2006 13:00,160,NE
8/10/2006 13:15,167,NE
8/10/2006 13:30,155,NE
8/10/2006 13:45,156,NE
8/10/2006 14:00,132,NE
8/10/2006 14:15,155,NE
8/10/2006 14:30,144,NE
8/10/2006 14:45,163,NE
8/10/2006 15:00,174,NE
8/10/2006 15:15,141,NE
8/10/2006 15:30,153,NE
8/10/2006 15:45,149,NE
8/10/2006 16:00,142,NE
8/10/2006 16:15,134,NE
8/10/2006 16:30,122,NE
8/10/2006 16:45,145,NE
8/10/2006 17:00,131,NE
8/10/2006 17:15,142,NE
8/10/2006 17:30,149,NE
8/10/2006 17:45,127,NE
8/10/2006 18:00,120,NE
8/10/2006 18:15,120,NE
8/10/2006 18:30,102,NE
8/10/2006 18:45,122,NE
8/10/2006 19:00,117,NE
8/10/2006 19:15,97,NE
8/10/2006 19:30,92,NE
8/10/2006 19:45,84,NE
8/10/2006 20:00,73,NE
8/10/2006 20:15,78,NE
8/10/2006 20:30,72,NE
8/10/2006 20:45,72,NE
8/10/2006 21:00,75,NE
8/10/2006 21:15,55,NE
8/10/2006 21:30,58,NE
8/10/2006 21:45,71,NE
8/10/2006 22:00,43,NE
8/10/2006 22:15,48,NE
8/10/2006 22:30,48,NE
8/10/2006 22:45,37,NE
8/10/2006 23:00,21,NE
8/10/2006 23:15,42,NE
8/10/2006 23:30,36,NE
8/10/2006 23:45,25,NE
9/10/2006 00:00,18,NE
9/10/2006 00:15,14,NE
9/10/2006 00:30,22,NE
9/10/2006 00:45,8,NE
9/10/2006 01:00,9,NE
9/10/2006 01:15,10,NE
9/10/2006 01:30,9,NE
9/10/2006 01:45,7,NE
9/10/2006 02:00,5,NE
9/10/2006 02:15,6,NE
9/10/2006 02:30,6,NE
9/10/2006 02:45,4,NE
9/10/2006 03:00,7,NE
9/10/2006 03:15,5,NE
9/10/2006 03:30,7,NE
9/10/2006 03:45,6,NE
9/10/2006 04:00,7,NE
9/10/2006 04:15,10,NE
9/10/2006 04:30,15,NE
9/10/2006 04:45,14,NE
9/10/2006 05:00,18,NE
9/10/2006 05:15,26,NE
9/10/2006 05:30,45,NE
9/10/2006 05:45,56,NE
9/10/2006 06:00,72,NE
9/10/2006 06:15,96,NE
9/10/2006 06:30,165,NE
9/10/2006 06:45,192,NE
9/10/2006 07:00,286,NE
9/10/2006 07:15,269,NE
9/10/2006 07:30,294,NE
9/10/2006 07:45,283,NE
9/10/2006 08:00,291,NE
9/10/2006 08:15,317,NE
9/10/2006 08:30,303,NE
9/10/2006 08:45,267,NE
9/10/2006 09:00,288,NE
9/10/2006 09:15,292,NE
9/10/2006 09:30,171,NE
9/10/2006 09:45,203,NE
9/10/2006 10:00,170,NE
9/10/2006 10:15,166,NE
9/10/2006 10:30,169,NE
9/10/2006 10:45,159,NE
9/10/2006 11:00,153,NE
9/10/2006 11:15,116,NE
9/10/2006 11:30,175,NE
9/10/2006 11:45,166,NE
9/10/2006 12:00,142,NE
9/10/2006 12:15,145,NE
9/10/2006 12:30,143,NE
9/10/2006 12:45,184,NE
9/10/2006 13:00,159,NE
9/10/2006 13:15,143,NE
9/10/2006 13:30,138,NE
9/10/2006 13:45,144,NE
9/10/2006 14:00,133,NE
9/10/2006 14:15,134,NE
9/10/2006 14:30,140,NE
9/10/2006 14:45,127,NE
9/10/2006 15:00,178,NE
9/10/2006 15:15,145,NE
9/10/2006 15:30,155,NE
9/10/2006 15:45,169,NE
9/10/2006 16:00,157,NE
9/10/2006 16:15,142,NE
9/10/2006 16:30,152,NE
9/10/2006 16:45,133,NE
9/10/2006 17:00,140,NE
9/10/2006 17:15,188,NE
9/10/2006 17:30,135,NE
9/10/2006 17:45,148,NE
9/10/2006 18:00,107,NE
9/10/2006 18:15,160,NE
9/10/2006 18:30,95,NE
9/10/2006 18:45,128,NE
9/10/2006 19:00,118,NE
9/10/2006 19:15,91,NE
9/10/2006 19:30,82,NE
9/10/2006 19:45,86,NE
9/10/2006 20:00,76,NE
9/10/2006 20:15,87,NE
9/10/2006 20:30,79,NE
9/10/2006 20:45,62,NE
9/10/2006 21:00,76,NE
9/10/2006 21:15,65,NE
9/10/2006 21:30,66,NE
9/10/2006 21:45,54,NE
9/10/2006 22:00,61,NE
9/10/2006 22:15,57,NE
9/10/2006 22:30,44,NE
9/10/2006 22:45,46,NE
9/10/2006 23:00,30,NE
9/10/2006 23:15,23,NE
9/10/2006 23:30,24,NE
9/10/2006 23:45,23,NE
10/10/2006 00:00,12,NE
10/10/2006 00:15,19,NE
10/10/2006 00:30,8,NE
10/10/2006 00:45,11,NE
10/10/2006 01:00,14,NE
10/10/2006 01:15,5,NE
10/10/2006 01:30,7,NE
10/10/2006 01:45,7,NE
10/10/2006 02:00,3,NE
10/10/2006 02:15,6,NE
10/10/2006 02:30,4,NE
10/10/2006 02:45,6,NE
10/10/2006 03:00,8,NE
10/10/2006 03:15,8,NE
10/10/2006 03:30,2,NE
10/10/2006 03:45,5,NE
10/10/2006 04:00,11,NE
10/10/2006 04:15,6,NE
10/10/2006 04:30,8,NE
10/10/2006 04:45,13,NE
10/10/2006 05:00,24,NE
10/10/2006 05:15,29,NE
10/10/2006 05:30,58,NE
10/10/2006 05:45,60,NE
10/10/2006 06:00,69,NE
10/10/2006 06:15,115,NE
10/10/2006 06:30,173,NE
10/10/2006 06:45,169,NE
10/10/2006 07:00,287,NE
10/10/2006 07:15,376,NE
10/10/2006 07:30,274,NE
10/10/2006 07:45,272,NE
10/10/2006 08:00,268,NE
10/10/2006 08:15,298,NE
10/10/2006 08:30,344,NE
10/10/2006 08:45,290,NE
10/10/2006 09:00,259,NE
10/10/2006 09:15,266,NE
10/10/2006 09:30,204,NE
10/10/2006 09:45,203,NE
10/10/2006 10:00,170,NE
10/10/2006 10:15,166,NE
10/10/2006 10:30,186,NE
10/10/2006 10:45,161,NE
10/10/2006 11:00,176,NE
10/10/2006 11:15,188,NE
10/10/2006 11:30,183,NE
10/10/2006 11:45,179,NE
10/10/2006 12:00,166,NE
10/10/2006 12:15,176,NE
10/10/2006 12:30,193,NE
10/10/2006 12:45,128,NE
10/10/2006 13:00,182,NE
10/10/2006 13:15,175,NE
10/10/2006 13:30,142,NE
10/10/2006 13:45,140,NE
10/10/2006 14:00,139,NE
10/10/2006 14:15,170,NE
10/10/2006 14:30,155,NE
10/10/2006 14:45,157,NE
10/10/2006 15:00,124,NE
10/10/2006 15:15,139,NE
10/10/2006 15:30,191,NE
10/10/2006 15:45,163,NE
10/10/2006 16:00,148,NE
10/10/2006 16:15,134,NE
10/10/2006 16:30,140,NE
10/10/2006 16:45,135,NE
10/10/2006 17:00,155,NE
10/10/2006 17:15,178,NE
10/10/2006 17:30,177,NE
10/10/2006 17:45,154,NE
10/10/2006 18:00,147,NE
10/10/2006 18:15,156,NE
10/10/2006 18:30,146,NE
10/10/2006 18:45,124,NE
10/10/2006 19:00,135,NE
10/10/2006 19:15,137,NE
10/10/2006 19:30,109,NE
10/10/2006 19:45,108,NE
10/10/2006 20:00,81,NE
10/10/2006 20:15,109,NE
10/10/2006 20:30,82,NE
10/10/2006 20:45,105,NE
10/10/2006 21:00,90,NE
10/10/2006 21:15,98,NE
10/10/2006 21:30,113,NE
10/10/2006 21:45,80,NE
10/10/2006 22:00,61,NE
10/10/2006 22:15,63,NE
10/10/2006 22:30,59,NE
10/10/2006 22:45,48,NE
10/10/2006 23:00,39,NE
10/10/2006 23:15,32,NE
10/10/2006 23:30,17,NE
10/10/2006 23:45,24,NE
11/10/2006 00:00,24,NE
11/10/2006 00:15,22,NE
11/10/2006 00:30,20,NE
11/10/2006 00:45,17,NE
11/10/2006 01:00,9,NE
11/10/2006 01:15,5,NE
11/10/2006 01:30,8,NE
11/10/2006 01:45,8,NE
11/10/2006 02:00,7,NE
11/10/2006 02:15,9,NE
11/10/2006 02:30,5,NE
11/10/2006 02:45,11,NE
11/10/2006 03:00,5,NE
11/10/2006 03:15,4,NE
11/10/2006 03:30,12,NE
11/10/2006 03:45,3,NE
11/10/2006 04:00,10,NE
11/10/2006 04:15,13,NE
11/10/2006 04:30,9,NE
11/10/2006 04:45,12,NE
11/10/2006 05:00,17,NE
11/10/2006 05:15,24,NE
11/10/2006 05:30,47,NE
11/10/2006 05:45,53,NE
11/10/2006 06:00,69,NE
11/10/2006 06:15,109,NE
11/10/2006 06:30,177,NE
11/10/2006 06:45,222,NE
11/10/2006 07:00,265,NE
11/10/2006 07:15,307,NE
11/10/2006 07:30,282,NE
11/10/2006 07:45,280,NE
11/10/2006 08:00,281,NE
11/10/2006 08:15,275,NE
11/10/2006 08:30,267,NE
11/10/2006 08:45,249,NE
11/10/2006 09:00,288,NE
11/10/2006 09:15,256,NE
11/10/2006 09:30,239,NE
11/10/2006 09:45,188,NE
11/10/2006 10:00,169,NE
11/10/2006 10:15,146,NE
11/10/2006 10:30,173,NE
11/10/2006 10:45,164,NE
11/10/2006 11:00,168,NE
11/10/2006 11:15,147,NE
11/10/2006 11:30,169,NE
11/10/2006 11:45,176,NE
11/10/2006 12:00,149,NE
11/10/2006 12:15,178,NE
11/10/2006 12:30,139,NE
11/10/2006 12:45,140,NE
11/10/2006 13:00,158,NE
11/10/2006 13:15,152,NE
11/10/2006 13:30,142,NE
11/10/2006 13:45,147,NE
11/10/2006 14:00,146,NE
11/10/2006 14:15,132,NE
11/10/2006 14:30,143,NE
11/10/2006 14:45,125,NE
11/10/2006 15:00,167,NE
11/10/2006 15:15,175,NE
11/10/2006 15:30,165,NE
11/10/2006 15:45,180,NE
11/10/2006 16:00,155,NE
11/10/2006 16:15,129,NE
11/10/2006 16:30,150,NE
11/10/2006 16:45,148,NE
11/10/2006 17:00,138,NE
11/10/2006 17:15,109,NE
11/10/2006 17:30,197,NE
11/10/2006 17:45,148,NE
11/10/2006 18:00,152,NE
11/10/2006 18:15,148,NE
11/10/2006 18:30,159,NE
11/10/2006 18:45,165,NE
11/10/2006 19:00,126,NE
11/10/2006 19:15,109,NE
11/10/2006 19:30,120,NE
11/10/2006 19:45,102,NE
11/10/2006 20:00,109,NE
11/10/2006 20:15,100,NE
11/10/2006 20:30,88,NE
11/10/2006 20:45,88,NE
11/10/2006 21:00,67,NE
11/10/2006 21:15,101,NE
11/10/2006 21:30,93,NE
11/10/2006 21:45,96,NE
11/10/2006 22:00,76,NE
11/10/2006 22:15,63,NE
11/10/2006 22:30,68,NE
11/10/2006 22:45,68,NE
11/10/2006 23:00,56,NE
11/10/2006 23:15,37,NE
11/10/2006 23:30,25,NE
11/10/2006 23:45,33,NE
12/10/2006 00:00,21,NE
12/10/2006 00:15,19,NE
12/10/2006 00:30,13,NE
12/10/2006 00:45,11,NE
12/10/2006 01:00,12,NE
12/10/2006 01:15,12,NE
12/10/2006 01:30,14,NE
12/10/2006 01:45,12,NE
12/10/2006 02:00,12,NE
12/10/2006 02:15,6,NE
12/10/2006 02:30,7,NE
12/10/2006 02:45,10,NE
12/10/2006 03:00,10,NE
12/10/2006 03:15,10,NE
12/10/2006 03:30,11,NE
12/10/2006 03:45,10,NE
12/10/2006 04:00,16,NE
12/10/2006 04:15,11,NE
12/10/2006 04:30,14,NE
12/10/2006 04:45,16,NE
12/10/2006 05:00,15,NE
12/10/2006 05:15,43,NE
12/10/2006 05:30,46,NE
12/10/2006 05:45,65,NE
12/10/2006 06:00,74,NE
12/10/2006 06:15,120,NE
12/10/2006 06:30,181,NE
12/10/2006 06:45,214,NE
12/10/2006 07:00,287,NE
12/10/2006 07:15,333,NE
12/10/2006 07:30,329,NE
12/10/2006 07:45,283,NE
12/10/2006 08:00,315,NE
12/10/2006 08:15,317,NE
12/10/2006 08:30,333,NE
12/10/2006 08:45,313,NE
12/10/2006 09:00,314,NE
12/10/2006 09:15,262,NE
12/10/2006 09:30,211,NE
12/10/2006 09:45,187,NE
12/10/2006 10:00,168,NE
12/10/2006 10:15,178,NE
12/10/2006 10:30,184,NE
12/10/2006 10:45,158,NE
12/10/2006 11:00,180,NE
12/10/2006 11:15,156,NE
12/10/2006 11:30,152,NE
12/10/2006 11:45,196,NE
12/10/2006 12:00,164,NE
12/10/2006 12:15,131,NE
12/10/2006 12:30,142,NE
12/10/2006 12:45,147,NE
12/10/2006 13:00,149,NE
12/10/2006 13:15,142,NE
12/10/2006 13:30,140,NE
12/10/2006 13:45,135,NE
12/10/2006 14:00,133,NE
12/10/2006 14:15,125,NE
12/10/2006 14:30,139,NE
12/10/2006 14:45,154,NE
12/10/2006 15:00,154,NE
12/10/2006 15:15,152,NE
12/10/2006 15:30,189,NE
12/10/2006 15:45,146,NE
12/10/2006 16:00,154,NE
12/10/2006 16:15,136,NE
12/10/2006 16:30,137,NE
12/10/2006 16:45,131,NE
12/10/2006 17:00,156,NE
12/10/2006 17:15,142,NE
12/10/2006 17:30,163,NE
12/10/2006 17:45,187,NE
12/10/2006 18:00,166,NE
12/10/2006 18:15,139,NE
12/10/2006 18:30,140,NE
12/10/2006 18:45,142,NE
12/10/2006 19:00,144,NE
12/10/2006 19:15,118,NE
12/10/2006 19:30,116,NE
12/10/2006 19:45,105,NE
12/10/2006 20:00,103,NE
12/10/2006 20:15,102,NE
12/10/2006 20:30,107,NE
12/10/2006 20:45,83,NE
12/10/2006 21:00,103,NE
12/10/2006 21:15,93,NE
12/10/2006 21:30,83,NE
12/10/2006 21:45,89,NE
12/10/2006 22:00,71,NE
12/10/2006 22:15,74,NE
12/10/2006 22:30,66,NE
12/10/2006 22:45,64,NE
12/10/2006 23:00,63,NE
12/10/2006 23:15,35,NE
12/10/2006 23:30,36,NE
12/10/2006 23:45,32,NE
13/10/2006 00:00,28,NE
13/10/2006 00:15,21,NE
13/10/2006 00:30,15,NE
13/10/2006 00:45,16,NE
13/10/2006 01:00,24,NE
13/10/2006 01:15,16,NE
13/10/2006 01:30,14,NE
13/10/2006 01:45,15,NE
13/10/2006 02:00,13,NE
13/10/2006 02:15,11,NE
13/10/2006 02:30,10,NE
13/10/2006 02:45,7,NE
13/10/2006 03:00,8,NE
13/10/2006 03:15,4,NE
13/10/2006 03:30,10,NE
13/10/2006 03:45,9,NE
13/10/2006 04:00,13,NE
13/10/2006 04:15,15,NE
13/10/2006 04:30,10,NE
13/10/2006 04:45,15,NE
13/10/2006 05:00,18,NE
13/10/2006 05:15,28,NE
13/10/2006 05:30,50,NE
13/10/2006 05:45,56,NE
13/10/2006 06:00,71,NE
13/10/2006 06:15,124,NE
13/10/2006 06:30,169,NE
13/10/2006 06:45,207,NE
13/10/2006 07:00,299,NE
13/10/2006 07:15,333,NE
13/10/2006 07:30,374,NE
13/10/2006 07:45,283,NE
13/10/2006 08:00,352,NE
13/10/2006 08:15,317,NE
13/10/2006 08:30,329,NE
13/10/2006 08:45,295,NE
13/10/2006 09:00,258,NE
13/10/2006 09:15,241,NE
13/10/2006 09:30,184,NE
13/10/2006 09:45,203,NE
13/10/2006 10:00,170,NE
13/10/2006 10:15,175,NE
13/10/2006 10:30,181,NE
13/10/2006 10:45,136,NE
13/10/2006 11:00,146,NE
13/10/2006 11:15,171,NE
13/10/2006 11:30,188,NE
13/10/2006 11:45,163,NE
13/10/2006 12:00,165,NE
13/10/2006 12:15,169,NE
13/10/2006 12:30,152,NE
13/10/2006 12:45,136,NE
13/10/2006 13:00,167,NE
13/10/2006 13:15,167,NE
13/10/2006 13:30,169,NE
13/10/2006 13:45,180,NE
13/10/2006 14:00,168,NE
13/10/2006 14:15,121,NE
13/10/2006 14:30,147,NE
13/10/2006 14:45,169,NE
13/10/2006 15:00,162,NE
13/10/2006 15:15,157,NE
13/10/2006 15:30,159,NE
13/10/2006 15:45,187,NE
13/10/2006 16:00,188,NE
13/10/2006 16:15,166,NE
13/10/2006 16:30,134,NE
13/10/2006 16:45,150,NE
13/10/2006 17:00,174,NE
13/10/2006 17:15,147,NE
13/10/2006 17:30,161,NE
13/10/2006 17:45,160,NE
13/10/2006 18:00,167,NE
13/10/2006 18:15,142,NE
13/10/2006 18:30,149,NE
13/10/2006 18:45,157,NE
13/10/2006 19:00,162,NE
13/10/2006 19:15,164,NE
13/10/2006 19:30,126,NE
13/10/2006 19:45,135,NE
13/10/2006 20:00,117,NE
13/10/2006 20:15,103,NE
13/10/2006 20:30,122,NE
13/10/2006 20:45,99,NE
13/10/2006 21:00,97,NE
13/10/2006 21:15,91,NE
13/10/2006 21:30,90,NE
13/10/2006 21:45,90,NE
13/10/2006 22:00,81,NE
13/10/2006 22:15,89,NE
13/10/2006 22:30,81,NE
13/10/2006 22:45,73,NE
13/10/2006 23:00,81,NE
13/10/2006 23:15,46,NE
13/10/2006 23:30,46,NE
13/10/2006 23:45,60,NE
14/10/2006 00:00,44,NE
14/10/2006 00:15,46,NE
14/10/2006 00:30,39,NE
14/10/2006 00:45,44,NE
14/10/2006 01:00,31,NE
14/10/2006 01:15,30,NE
14/10/2006 01:30,28,NE
14/10/2006 01:45,35,NE
14/10/2006 02:00,26,NE
14/10/2006 02:15,26,NE
14/10/2006 02:30,27,NE
14/10/2006 02:45,29,NE
14/10/2006 03:00,21,NE
14/10/2006 03:15,28,NE
14/10/2006 03:30,22,NE
14/10/2006 03:45,16,NE
14/10/2006 04:00,12,NE
14/10/2006 04:15,11,NE
14/10/2006 04:30,20,NE
14/10/2006 04:45,16,NE
14/10/2006 05:00,14,NE
14/10/2006 05:15,27,NE
14/10/2006 05:30,37,NE
14/10/2006 05:45,27,NE
14/10/2006 06:00,36,NE
14/10/2006 06:15,53,NE
14/10/2006 06:30,69,NE
14/10/2006 06:45,95,NE
14/10/2006 07:00,51,NE
14/10/2006 07:15,75,NE
14/10/2006 07:30,136,NE
14/10/2006 07:45,103,NE
14/10/2006 08:00,149,NE
14/10/2006 08:15,105,NE
14/10/2006 08:30,136,NE
14/10/2006 08:45,158,NE
14/10/2006 09:00,141,NE
14/10/2006 09:15,173,NE
14/10/2006 09:30,176,NE
14/10/2006 09:45,190,NE
14/10/2006 10:00,186,NE
14/10/2006 10:15,150,NE
14/10/2006 10:30,190,NE
14/10/2006 10:45,182,NE
14/10/2006 11:00,184,NE
14/10/2006 11:15,165,NE
14/10/2006 11:30,179,NE
14/10/2006 11:45,222,NE
14/10/2006 12:00,192,NE
14/10/2006 12:15,186,NE
14/10/2006 12:30,179,NE
14/10/2006 12:45,160,NE
14/10/2006 13:00,182,NE
14/10/2006 13:15,181,NE
14/10/2006 13:30,192,NE
14/10/2006 13:45,167,NE
14/10/2006 14:00,160,NE
14/10/2006 14:15,173,NE
14/10/2006 14:30,167,NE
14/10/2006 14:45,160,NE
14/10/2006 15:00,164,NE
14/10/2006 15:15,166,NE
14/10/2006 15:30,125,NE
14/10/2006 15:45,159,NE
14/10/2006 16:00,156,NE
14/10/2006 16:15,159,NE
14/10/2006 16:30,142,NE
14/10/2006 16:45,147,NE
14/10/2006 17:00,153,NE
14/10/2006 17:15,143,NE
14/10/2006 17:30,168,NE
14/10/2006 17:45,141,NE
14/10/2006 18:00,173,NE
14/10/2006 18:15,142,NE
14/10/2006 18:30,163,NE
14/10/2006 18:45,157,NE
14/10/2006 19:00,179,NE
14/10/2006 19:15,170,NE
14/10/2006 19:30,120,NE
14/10/2006 19:45,111,NE
14/10/2006 20:00,98,NE
14/10/2006 20:15,105,NE
14/10/2006 20:30,105,NE
14/10/2006 20:45,91,NE
14/10/2006 21:00,73,NE
14/10/2006 21:15,93,NE
14/10/2006 21:30,98,NE
14/10/2006 21:45,81,NE
14/10/2006 22:00,98,NE
14/10/2006 22:15,73,NE
14/10/2006 22:30,96,NE
14/10/2006 22:45,70,NE
14/10/2006 23:00,94,NE
14/10/2006 23:15,56,NE
14/10/2006 23:30,55,NE
14/10/2006 23:45,47,NE
15/10/2006 00:00,64,NE
15/10/2006 00:15,37,NE
15/10/2006 00:30,47,NE
15/10/2006 00:45,40,NE
15/10/2006 01:00,27,NE
15/10/2006 01:15,25,NE
15/10/2006 01:30,27,NE
15/10/2006 01:45,34,NE
15/10/2006 02:00,35,NE
15/10/2006 02:15,22,NE
15/10/2006 02:30,25,NE
15/10/2006 02:45,15,NE
15/10/2006 03:00,24,NE
15/10/2006 03:15,22,NE
15/10/2006 03:30,15,NE
15/10/2006 03:45,17,NE
15/10/2006 04:00,21,NE
15/10/2006 04:15,26,NE
15/10/2006 04:30,33,NE
15/10/2006 04:45,32,NE
15/10/2006 05:00,37,NE
15/10/2006 05:15,23,NE
15/10/2006 05:30,24,NE
15/10/2006 05:45,15,NE
15/10/2006 06:00,13,NE
15/10/2006 06:15,23,NE
15/10/2006 06:30,38,NE
15/10/2006 06:45,29,NE
15/10/2006 07:00,34,NE
15/10/2006 07:15,30,NE
15/10/2006 07:30,56,NE
15/10/2006 07:45,64,NE
15/10/2006 08:00,70,NE
15/10/2006 08:15,70,NE
15/10/2006 08:30,90,NE
15/10/2006 08:45,68,NE
15/10/2006 09:00,85,NE
15/10/2006 09:15,118,NE
15/10/2006 09:30,133,NE
15/10/2006 09:45,136,NE
15/10/2006 10:00,136,NE
15/10/2006 10:15,143,NE
15/10/2006 10:30,135,NE
15/10/2006 10:45,131,NE
15/10/2006 11:00,154,NE
15/10/2006 11:15,142,NE
15/10/2006 11:30,175,NE
15/10/2006 11:45,133,NE
15/10/2006 12:00,173,NE
15/10/2006 12:15,155,NE
15/10/2006 12:30,155,NE
15/10/2006 12:45,147,NE
15/10/2006 13:00,172,NE
15/10/2006 13:15,142,NE
15/10/2006 13:30,183,NE
15/10/2006 13:45,189,NE
15/10/2006 14:00,179,NE
15/10/2006 14:15,157,NE
15/10/2006 14:30,170,NE
15/10/2006 14:45,137,NE
15/10/2006 15:00,142,NE
15/10/2006 15:15,136,NE
15/10/2006 15:30,142,NE
15/10/2006 15:45,149,NE
15/10/2006 16:00,147,NE
15/10/2006 16:15,147,NE
15/10/2006 16:30,138,NE
15/10/2006 16:45,133,NE
15/10/2006 17:00,116,NE
15/10/2006 17:15,140,NE
15/10/2006 17:30,135,NE
15/10/2006 17:45,144,NE
15/10/2006 18:00,110,NE
15/10/2006 18:15,128,NE
15/10/2006 18:30,101,NE
15/10/2006 18:45,101,NE
15/10/2006 19:00,108,NE
15/10/2006 19:15,87,NE
15/10/2006 19:30,72,NE
15/10/2006 19:45,83,NE
15/10/2006 20:00,58,NE
15/10/2006 20:15,64,NE
15/10/2006 20:30,75,NE
15/10/2006 20:45,75,NE
15/10/2006 21:00,78,NE
15/10/2006 21:15,86,NE
15/10/2006 21:30,82,NE
15/10/2006 21:45,52,NE
15/10/2006 22:00,61,NE
15/10/2006 22:15,53,NE
15/10/2006 22:30,37,NE
15/10/2006 22:45,30,NE
15/10/2006 23:00,42,NE
15/10/2006 23:15,22,NE
15/10/2006 23:30,22,NE
15/10/2006 23:45,20,NE
16/10/2006 00:00,26,NE
16/10/2006 00:15,14,NE
16/10/2006 00:30,20,NE
16/10/2006 00:45,16,NE
16/10/2006 01:00,17,NE
16/10/2006 01:15,9,NE
16/10/2006 01:30,6,NE
16/10/2006 01:45,5,NE
16/10/2006 02:00,6,NE
16/10/2006 02:15,5,NE
16/10/2006 02:30,3,NE
16/10/2006 02:45,8,NE
16/10/2006 03:00,6,NE
16/10/2006 03:15,3,NE
16/10/2006 03:30,5,NE
16/10/2006 03:45,12,NE
16/10/2006 04:00,14,NE
16/10/2006 04:15,14,NE
16/10/2006 04:30,14,NE
16/10/2006 04:45,15,NE
16/10/2006 05:00,25,NE
16/10/2006 05:15,19,NE
16/10/2006 05:30,49,NE
16/10/2006 05:45,58,NE
16/10/2006 06:00,49,NE
16/10/2006 06:15,103,NE
16/10/2006 06:30,165,NE
16/10/2006 06:45,190,NE
16/10/2006 07:00,331,NE
16/10/2006 07:15,334,NE
16/10/2006 07:30,263,NE
16/10/2006 07:45,279,NE
16/10/2006 08:00,264,NE
16/10/2006 08:15,259,NE
16/10/2006 08:30,326,NE
16/10/2006 08:45,276,NE
16/10/2006 09:00,288,NE
16/10/2006 09:15,295,NE
16/10/2006 09:30,232,NE
16/10/2006 09:45,172,NE
16/10/2006 10:00,183,NE
16/10/2006 10:15,159,NE
16/10/2006 10:30,190,NE
16/10/2006 10:45,159,NE
16/10/2006 11:00,168,NE
16/10/2006 11:15,160,NE
16/10/2006 11:30,151,NE
16/10/2006 11:45,170,NE
16/10/2006 12:00,133,NE
16/10/2006 12:15,161,NE
16/10/2006 12:30,141,NE
16/10/2006 12:45,133,NE
16/10/2006 13:00,170,NE
16/10/2006 13:15,154,NE
16/10/2006 13:30,140,NE
16/10/2006 13:45,141,NE
16/10/2006 14:00,139,NE
16/10/2006 14:15,145,NE
16/10/2006 14:30,143,NE
16/10/2006 14:45,157,NE
16/10/2006 15:00,162,NE
16/10/2006 15:15,164,NE
16/10/2006 15:30,163,NE
16/10/2006 15:45,163,NE
16/10/2006 16:00,154,NE
16/10/2006 16:15,166,NE
16/10/2006 16:30,143,NE
16/10/2006 16:45,128,NE
16/10/2006 17:00,170,NE
16/10/2006 17:15,157,NE
16/10/2006 17:30,146,NE
16/10/2006 17:45,135,NE
16/10/2006 18:00,146,NE
16/10/2006 18:15,117,NE
16/10/2006 18:30,132,NE
16/10/2006 18:45,131,NE
16/10/2006 19:00,100,NE
16/10/2006 19:15,119,NE
16/10/2006 19:30,120,NE
16/10/2006 19:45,96,NE
16/10/2006 20:00,69,NE
16/10/2006 20:15,86,NE
16/10/2006 20:30,87,NE
16/10/2006 20:45,67,NE
16/10/2006 21:00,72,NE
16/10/2006 21:15,75,NE
16/10/2006 21:30,73,NE
16/10/2006 21:45,69,NE
16/10/2006 22:00,81,NE
16/10/2006 22:15,66,NE
16/10/2006 22:30,50,NE
16/10/2006 22:45,39,NE
16/10/2006 23:00,38,NE
16/10/2006 23:15,29,NE
16/10/2006 23:30,24,NE
16/10/2006 23:45,18,NE
17/10/2006 00:00,14,NE
17/10/2006 00:15,11,NE
17/10/2006 00:30,9,NE
17/10/2006 00:45,8,NE
17/10/2006 01:00,9,NE
17/10/2006 01:15,5,NE
17/10/2006 01:30,5,NE
17/10/2006 01:45,7,NE
17/10/2006 02:00,9,NE
17/10/2006 02:15,7,NE
17/10/2006 02:30,8,NE
17/10/2006 02:45,8,NE
17/10/2006 03:00,9,NE
17/10/2006 03:15,8,NE
17/10/2006 03:30,8,NE
17/10/2006 03:45,7,NE
17/10/2006 04:00,13,NE
17/10/2006 04:15,10,NE
17/10/2006 04:30,13,NE
17/10/2006 04:45,20,NE
17/10/2006 05:00,15,NE
17/10/2006 05:15,29,NE
17/10/2006 05:30,51,NE
17/10/2006 05:45,62,NE
17/10/2006 06:00,77,NE
17/10/2006 06:15,107,NE
17/10/2006 06:30,187,NE
17/10/2006 06:45,247,NE
17/10/2006 07:00,286,NE
17/10/2006 07:15,333,NE
17/10/2006 07:30,355,NE
17/10/2006 07:45,283,NE
17/10/2006 08:00,315,NE
17/10/2006 08:15,317,NE
17/10/2006 08:30,333,NE
17/10/2006 08:45,290,NE
17/10/2006 09:00,288,NE
17/10/2006 09:15,283,NE
17/10/2006 09:30,199,NE
17/10/2006 09:45,205,NE
17/10/2006 10:00,192,NE
17/10/2006 10:15,180,NE
17/10/2006 10:30,162,NE
17/10/2006 10:45,140,NE
17/10/2006 11:00,183,NE
17/10/2006 11:15,158,NE
17/10/2006 11:30,178,NE
17/10/2006 11:45,185,NE
17/10/2006 12:00,168,NE
17/10/2006 12:15,146,NE
17/10/2006 12:30,160,NE
17/10/2006 12:45,148,NE
17/10/2006 13:00,146,NE
17/10/2006 13:15,166,NE
17/10/2006 13:30,175,NE
17/10/2006 13:45,136,NE
17/10/2006 14:00,138,NE
17/10/2006 14:15,145,NE
17/10/2006 14:30,135,NE
17/10/2006 14:45,126,NE
17/10/2006 15:00,142,NE
17/10/2006 15:15,132,NE
17/10/2006 15:30,157,NE
17/10/2006 15:45,150,NE
17/10/2006 16:00,149,NE
17/10/2006 16:15,135,NE
17/10/2006 16:30,132,NE
17/10/2006 16:45,157,NE
17/10/2006 17:00,149,NE
17/10/2006 17:15,148,NE
17/10/2006 17:30,177,NE
17/10/2006 17:45,170,NE
17/10/2006 18:00,149,NE
17/10/2006 18:15,165,NE
17/10/2006 18:30,132,NE
17/10/2006 18:45,142,NE
17/10/2006 19:00,135,NE
17/10/2006 19:15,135,NE
17/10/2006 19:30,119,NE
17/10/2006 19:45,110,NE
17/10/2006 20:00,88,NE
17/10/2006 20:15,69,NE
17/10/2006 20:30,96,NE
17/10/2006 20:45,67,NE
17/10/2006 21:00,102,NE
17/10/2006 21:15,86,NE
17/10/2006 21:30,68,NE
17/10/2006 21:45,76,NE
17/10/2006 22:00,72,NE
17/10/2006 22:15,62,NE
17/10/2006 22:30,53,NE
17/10/2006 22:45,58,NE
17/10/2006 23:00,45,NE
17/10/2006 23:15,30,NE
17/10/2006 23:30,29,NE
17/10/2006 23:45,31,NE
18/10/2006 00:00,25,NE
18/10/2006 00:15,20,NE
18/10/2006 00:30,18,NE
18/10/2006 00:45,9,NE
18/10/2006 01:00,17,NE
18/10/2006 01:15,17,NE
18/10/2006 01:30,9,NE
18/10/2006 01:45,11,NE
18/10/2006 02:00,9,NE
18/10/2006 02:15,11,NE
18/10/2006 02:30,6,NE
18/10/2006 02:45,4,NE
18/10/2006 03:00,6,NE
18/10/2006 03:15,8,NE
18/10/2006 03:30,5,NE
18/10/2006 03:45,10,NE
18/10/2006 04:00,10,NE
18/10/2006 04:15,12,NE
18/10/2006 04:30,17,NE
18/10/2006 04:45,21,NE
18/10/2006 05:00,26,NE
18/10/2006 05:15,18,NE
18/10/2006 05:30,47,NE
18/10/2006 05:45,50,NE
18/10/2006 06:00,70,NE
18/10/2006 06:15,114,NE
18/10/2006 06:30,173,NE
18/10/2006 06:45,213,NE
18/10/2006 07:00,330,NE
18/10/2006 07:15,332,NE
18/10/2006 07:30,398,NE
18/10/2006 07:45,408,NE
18/10/2006 08:00,378,NE
18/10/2006 08:15,355,NE
18/10/2006 08:30,333,NE
18/10/2006 08:45,378,NE
18/10/2006 09:00,273,NE
18/10/2006 09:15,242,NE
18/10/2006 09:30,200,NE
18/10/2006 09:45,212,NE
18/10/2006 10:00,176,NE
18/10/2006 10:15,152,NE
18/10/2006 10:30,203,NE
18/10/2006 10:45,155,NE
18/10/2006 11:00,181,NE
18/10/2006 11:15,161,NE
18/10/2006 11:30,167,NE
18/10/2006 11:45,162,NE
18/10/2006 12:00,162,NE
18/10/2006 12:15,149,NE
18/10/2006 12:30,172,NE
18/10/2006 12:45,170,NE
18/10/2006 13:00,150,NE
18/10/2006 13:15,163,NE
18/10/2006 13:30,149,NE
18/10/2006 13:45,135,NE
18/10/2006 14:00,144,NE
18/10/2006 14:15,145,NE
18/10/2006 14:30,131,NE
18/10/2006 14:45,169,NE
18/10/2006 15:00,130,NE
18/10/2006 15:15,173,NE
18/10/2006 15:30,156,NE
18/10/2006 15:45,176,NE
18/10/2006 16:00,145,NE
18/10/2006 16:15,132,NE
18/10/2006 16:30,145,NE
18/10/2006 16:45,142,NE
18/10/2006 17:00,152,NE
18/10/2006 17:15,154,NE
18/10/2006 17:30,160,NE
18/10/2006 17:45,152,NE
18/10/2006 18:00,155,NE
18/10/2006 18:15,153,NE
18/10/2006 18:30,125,NE
18/10/2006 18:45,143,NE
18/10/2006 19:00,139,NE
18/10/2006 19:15,142,NE
18/10/2006 19:30,114,NE
18/10/2006 19:45,105,NE
18/10/2006 20:00,107,NE
18/10/2006 20:15,95,NE
18/10/2006 20:30,109,NE
18/10/2006 20:45,87,NE
18/10/2006 21:00,77,NE
18/10/2006 21:15,105,NE
18/10/2006 21:30,90,NE
18/10/2006 21:45,83,NE
18/10/2006 22:00,79,NE
18/10/2006 22:15,80,NE
18/10/2006 22:30,56,NE
18/10/2006 22:45,77,NE
18/10/2006 23:00,49,NE
18/10/2006 23:15,31,NE
18/10/2006 23:30,29,NE
18/10/2006 23:45,31,NE
19/10/2006 00:00,19,NE
19/10/2006 00:15,28,NE
19/10/2006 00:30,22,NE
19/10/2006 00:45,14,NE
19/10/2006 01:00,15,NE
19/10/2006 01:15,14,NE
19/10/2006 01:30,10,NE
19/10/2006 01:45,12,NE
19/10/2006 02:00,5,NE
19/10/2006 02:15,17,NE
19/10/2006 02:30,8,NE
19/10/2006 02:45,8,NE
19/10/2006 03:00,13,NE
19/10/2006 03:15,15,NE
19/10/2006 03:30,14,NE
19/10/2006 03:45,12,NE
19/10/2006 04:00,18,NE
19/10/2006 04:15,7,NE
19/10/2006 04:30,14,NE
19/10/2006 04:45,25,NE
19/10/2006 05:00,17,NE
19/10/2006 05:15,38,NE
19/10/2006 05:30,48,NE
19/10/2006 05:45,53,NE
19/10/2006 06:00,71,NE
19/10/2006 06:15,115,NE
19/10/2006 06:30,171,NE
19/10/2006 06:45,208,NE
19/10/2006 07:00,303,NE
19/10/2006 07:15,345,NE
19/10/2006 07:30,329,NE
19/10/2006 07:45,275,NE
19/10/2006 08:00,320,NE
19/10/2006 08:15,311,NE
19/10/2006 08:30,336,NE
19/10/2006 08:45,243,NE
19/10/2006 09:00,234,NE
19/10/2006 09:15,265,NE
19/10/2006 09:30,216,NE
19/10/2006 09:45,250,NE
19/10/2006 10:00,170,NE
19/10/2006 10:15,188,NE
19/10/2006 10:30,187,NE
19/10/2006 10:45,173,NE
19/10/2006 11:00,148,NE
19/10/2006 11:15,169,NE
19/10/2006 11:30,175,NE
19/10/2006 11:45,163,NE
19/10/2006 12:00,172,NE
19/10/2006 12:15,144,NE
19/10/2006 12:30,164,NE
19/10/2006 12:45,167,NE
19/10/2006 13:00,138,NE
19/10/2006 13:15,167,NE
19/10/2006 13:30,161,NE
19/10/2006 13:45,141,NE
19/10/2006 14:00,119,NE
19/10/2006 14:15,147,NE
19/10/2006 14:30,170,NE
19/10/2006 14:45,164,NE
19/10/2006 15:00,181,NE
19/10/2006 15:15,162,NE
19/10/2006 15:30,151,NE
19/10/2006 15:45,168,NE
19/10/2006 16:00,148,NE
19/10/2006 16:15,176,NE
19/10/2006 16:30,179,NE
19/10/2006 16:45,150,NE
19/10/2006 17:00,159,NE
19/10/2006 17:15,173,NE
19/10/2006 17:30,153,NE
19/10/2006 17:45,140,NE
19/10/2006 18:00,150,NE
19/10/2006 18:15,157,NE
19/10/2006 18:30,105,NE
19/10/2006 18:45,142,NE
19/10/2006 19:00,140,NE
19/10/2006 19:15,142,NE
19/10/2006 19:30,178,NE
19/10/2006 19:45,104,NE
19/10/2006 20:00,101,NE
19/10/2006 20:15,112,NE
19/10/2006 20:30,98,NE
19/10/2006 20:45,89,NE
19/10/2006 21:00,103,NE
19/10/2006 21:15,100,NE
19/10/2006 21:30,84,NE
19/10/2006 21:45,84,NE
19/10/2006 22:00,91,NE
19/10/2006 22:15,64,NE
19/10/2006 22:30,63,NE
19/10/2006 22:45,61,NE
19/10/2006 23:00,53,NE
19/10/2006 23:15,51,NE
19/10/2006 23:30,44,NE
19/10/2006 23:45,42,NE
20/10/2006 00:00,30,NE
20/10/2006 00:15,24,NE
20/10/2006 00:30,17,NE
20/10/2006 00:45,22,NE
20/10/2006 01:00,22,NE
20/10/2006 01:15,13,NE
20/10/2006 01:30,13,NE
20/10/2006 01:45,11,NE
20/10/2006 02:00,23,NE
20/10/2006 02:15,7,NE
20/10/2006 02:30,11,NE
20/10/2006 02:45,12,NE
20/10/2006 03:00,9,NE
20/10/2006 03:15,19,NE
20/10/2006 03:30,6,NE
20/10/2006 03:45,14,NE
20/10/2006 04:00,12,NE
20/10/2006 04:15,9,NE
20/10/2006 04:30,15,NE
20/10/2006 04:45,30,NE
20/10/2006 05:00,15,NE
20/10/2006 05:15,29,NE
20/10/2006 05:30,51,NE
20/10/2006 05:45,54,NE
20/10/2006 06:00,73,NE
20/10/2006 06:15,117,NE
20/10/2006 06:30,182,NE
20/10/2006 06:45,218,NE
20/10/2006 07:00,237,NE
20/10/2006 07:15,311,NE
20/10/2006 07:30,324,NE
20/10/2006 07:45,255,NE
20/10/2006 08:00,294,NE
20/10/2006 08:15,284,NE
20/10/2006 08:30,287,NE
20/10/2006 08:45,266,NE
20/10/2006 09:00,376,NE
20/10/2006 09:15,255,NE
20/10/2006 09:30,206,NE
20/10/2006 09:45,176,NE
20/10/2006 10:00,226,NE
20/10/2006 10:15,175,NE
20/10/2006 10:30,182,NE
20/10/2006 10:45,166,NE
20/10/2006 11:00,189,NE
20/10/2006 11:15,145,NE
20/10/2006 11:30,185,NE
20/10/2006 11:45,171,NE
20/10/2006 12:00,174,NE
20/10/2006 12:15,178,NE
20/10/2006 12:30,181,NE
20/10/2006 12:45,151,NE
20/10/2006 13:00,179,NE
20/10/2006 13:15,167,NE
20/10/2006 13:30,147,NE
20/10/2006 13:45,123,NE
20/10/2006 14:00,184,NE
20/10/2006 14:15,144,NE
20/10/2006 14:30,177,NE
20/10/2006 14:45,170,NE
20/10/2006 15:00,209,NE
20/10/2006 15:15,169,NE
20/10/2006 15:30,170,NE
20/10/2006 15:45,199,NE
20/10/2006 16:00,175,NE
20/10/2006 16:15,169,NE
20/10/2006 16:30,183,NE
20/10/2006 16:45,169,NE
20/10/2006 17:00,164,NE
20/10/2006 17:15,212,NE
20/10/2006 17:30,200,NE
20/10/2006 17:45,158,NE
20/10/2006 18:00,148,NE
20/10/2006 18:15,159,NE
20/10/2006 18:30,139,NE
20/10/2006 18:45,129,NE
20/10/2006 19:00,157,NE
20/10/2006 19:15,135,NE
20/10/2006 19:30,125,NE
20/10/2006 19:45,121,NE
20/10/2006 20:00,120,NE
20/10/2006 20:15,84,NE
20/10/2006 20:30,126,NE
20/10/2006 20:45,107,NE
20/10/2006 21:00,91,NE
20/10/2006 21:15,95,NE
20/10/2006 21:30,99,NE
20/10/2006 21:45,92,NE
20/10/2006 22:00,98,NE
20/10/2006 22:15,68,NE
20/10/2006 22:30,69,NE
20/10/2006 22:45,67,NE
20/10/2006 23:00,74,NE
20/10/2006 23:15,71,NE
20/10/2006 23:30,63,NE
20/10/2006 23:45,60,NE
21/10/2006 00:00,42,NE
21/10/2006 00:15,56,NE
21/10/2006 00:30,44,NE
21/10/2006 00:45,36,NE
21/10/2006 01:00,27,NE
21/10/2006 01:15,34,NE
21/10/2006 01:30,21,NE
21/10/2006 01:45,30,NE
21/10/2006 02:00,24,NE
21/10/2006 02:15,26,NE
21/10/2006 02:30,22,NE
21/10/2006 02:45,13,NE
21/10/2006 03:00,15,NE
21/10/2006 03:15,14,NE
21/10/2006 03:30,10,NE
21/10/2006 03:45,12,NE
21/10/2006 04:00,21,NE
21/10/2006 04:15,14,NE
21/10/2006 04:30,23,NE
21/10/2006 04:45,19,NE
21/10/2006 05:00,16,NE
21/10/2006 05:15,12,NE
21/10/2006 05:30,36,NE
21/10/2006 05:45,29,NE
21/10/2006 06:00,31,NE
21/10/2006 06:15,49,NE
21/10/2006 06:30,75,NE
21/10/2006 06:45,80,NE
21/10/2006 07:00,67,NE
21/10/2006 07:15,81,NE
21/10/2006 07:30,75,NE
21/10/2006 07:45,95,NE
21/10/2006 08:00,92,NE
21/10/2006 08:15,107,NE
21/10/2006 08:30,140,NE
21/10/2006 08:45,135,NE
21/10/2006 09:00,136,NE
21/10/2006 09:15,158,NE
21/10/2006 09:30,175,NE
21/10/2006 09:45,168,NE
21/10/2006 10:00,174,NE
21/10/2006 10:15,165,NE
21/10/2006 10:30,170,NE
21/10/2006 10:45,165,NE
21/10/2006 11:00,162,NE
21/10/2006 11:15,177,NE
21/10/2006 11:30,172,NE
21/10/2006 11:45,150,NE
21/10/2006 12:00,159,NE
21/10/2006 12:15,195,NE
21/10/2006 12:30,174,NE
21/10/2006 12:45,172,NE
21/10/2006 13:00,182,NE
21/10/2006 13:15,161,NE
21/10/2006 13:30,158,NE
21/10/2006 13:45,156,NE
21/10/2006 14:00,146,NE
21/10/2006 14:15,153,NE
21/10/2006 14:30,178,NE
21/10/2006 14:45,186,NE
21/10/2006 15:00,144,NE
21/10/2006 15:15,159,NE
21/10/2006 15:30,144,NE
21/10/2006 15:45,152,NE
21/10/2006 16:00,156,NE
21/10/2006 16:15,157,NE
21/10/2006 16:30,139,NE
21/10/2006 16:45,153,NE
21/10/2006 17:00,143,NE
21/10/2006 17:15,150,NE
21/10/2006 17:30,154,NE
21/10/2006 17:45,159,NE
21/10/2006 18:00,168,NE
21/10/2006 18:15,147,NE
21/10/2006 18:30,159,NE
21/10/2006 18:45,171,NE
21/10/2006 19:00,146,NE
21/10/2006 19:15,174,NE
21/10/2006 19:30,132,NE
21/10/2006 19:45,122,NE
21/10/2006 20:00,121,NE
21/10/2006 20:15,105,NE
21/10/2006 20:30,101,NE
21/10/2006 20:45,96,NE
21/10/2006 21:00,106,NE
21/10/2006 21:15,81,NE
21/10/2006 21:30,104,NE
21/10/2006 21:45,79,NE
21/10/2006 22:00,63,NE
21/10/2006 22:15,90,NE
21/10/2006 22:30,86,NE
21/10/2006 22:45,72,NE
21/10/2006 23:00,84,NE
21/10/2006 23:15,54,NE
21/10/2006 23:30,69,NE
21/10/2006 23:45,55,NE
22/10/2006 00:00,69,NE
22/10/2006 00:15,59,NE
22/10/2006 00:30,39,NE
22/10/2006 00:45,46,NE
22/10/2006 01:00,41,NE
22/10/2006 01:15,33,NE
22/10/2006 01:30,33,NE
22/10/2006 01:45,34,NE
22/10/2006 02:00,26,NE
22/10/2006 02:15,27,NE
22/10/2006 02:30,19,NE
22/10/2006 02:45,32,NE
22/10/2006 03:00,20,NE
22/10/2006 03:15,22,NE
22/10/2006 03:30,32,NE
22/10/2006 03:45,23,NE
22/10/2006 04:00,23,NE
22/10/2006 04:15,21,NE
22/10/2006 04:30,18,NE
22/10/2006 04:45,17,NE
22/10/2006 05:00,25,NE
22/10/2006 05:15,15,NE
22/10/2006 05:30,27,NE
22/10/2006 05:45,19,NE
22/10/2006 06:00,33,NE
22/10/2006 06:15,21,NE
22/10/2006 06:30,36,NE
22/10/2006 06:45,28,NE
22/10/2006 07:00,24,NE
22/10/2006 07:15,39,NE
22/10/2006 07:30,49,NE
22/10/2006 07:45,54,NE
22/10/2006 08:00,64,NE
22/10/2006 08:15,66,NE
22/10/2006 08:30,84,NE
22/10/2006 08:45,119,NE
22/10/2006 09:00,84,NE
22/10/2006 09:15,115,NE
22/10/2006 09:30,123,NE
22/10/2006 09:45,144,NE
22/10/2006 10:00,142,NE
22/10/2006 10:15,151,NE
22/10/2006 10:30,160,NE
22/10/2006 10:45,141,NE
22/10/2006 11:00,145,NE
22/10/2006 11:15,130,NE
22/10/2006 11:30,139,NE
22/10/2006 11:45,156,NE
22/10/2006 12:00,157,NE
22/10/2006 12:15,179,NE
22/10/2006 12:30,154,NE
22/10/2006 12:45,163,NE
22/10/2006 13:00,177,NE
22/10/2006 13:15,170,NE
22/10/2006 13:30,143,NE
22/10/2006 13:45,136,NE
22/10/2006 14:00,130,NE
22/10/2006 14:15,155,NE
22/10/2006 14:30,140,NE
22/10/2006 14:45,162,NE
22/10/2006 15:00,175,NE
22/10/2006 15:15,184,NE
22/10/2006 15:30,149,NE
22/10/2006 15:45,156,NE
22/10/2006 16:00,167,NE
22/10/2006 16:15,141,NE
22/10/2006 16:30,146,NE
22/10/2006 16:45,141,NE
22/10/2006 17:00,133,NE
22/10/2006 17:15,144,NE
22/10/2006 17:30,138,NE
22/10/2006 17:45,129,NE
22/10/2006 18:00,111,NE
22/10/2006 18:15,128,NE
22/10/2006 18:30,101,NE
22/10/2006 18:45,128,NE
22/10/2006 19:00,97,NE
22/10/2006 19:15,109,NE
22/10/2006 19:30,100,NE
22/10/2006 19:45,86,NE
22/10/2006 20:00,73,NE
22/10/2006 20:15,81,NE
22/10/2006 20:30,87,NE
22/10/2006 20:45,84,NE
22/10/2006 21:00,82,NE
22/10/2006 21:15,65,NE
22/10/2006 21:30,63,NE
22/10/2006 21:45,58,NE
22/10/2006 22:00,58,NE
22/10/2006 22:15,39,NE
22/10/2006 22:30,30,NE
22/10/2006 22:45,41,NE
22/10/2006 23:00,40,NE
22/10/2006 23:15,42,NE
22/10/2006 23:30,17,NE
22/10/2006 23:45,17,NE
23/10/2006 00:00,14,NE
23/10/2006 00:15,10,NE
23/10/2006 00:30,7,NE
23/10/2006 00:45,9,NE
23/10/2006 01:00,17,NE
23/10/2006 01:15,12,NE
23/10/2006 01:30,12,NE
23/10/2006 01:45,8,NE
23/10/2006 02:00,4,NE
23/10/2006 02:15,6,NE
23/10/2006 02:30,8,NE
23/10/2006 02:45,5,NE
23/10/2006 03:00,3,NE
23/10/2006 03:15,9,NE
23/10/2006 03:30,7,NE
23/10/2006 03:45,8,NE
23/10/2006 04:00,11,NE
23/10/2006 04:15,18,NE
23/10/2006 04:30,6,NE
23/10/2006 04:45,10,NE
23/10/2006 05:00,13,NE
23/10/2006 05:15,17,NE
23/10/2006 05:30,34,NE
23/10/2006 05:45,59,NE
23/10/2006 06:00,60,NE
23/10/2006 06:15,100,NE
23/10/2006 06:30,171,NE
23/10/2006 06:45,208,NE
23/10/2006 07:00,257,NE
23/10/2006 07:15,253,NE
23/10/2006 07:30,303,NE
23/10/2006 07:45,276,NE
23/10/2006 08:00,265,NE
23/10/2006 08:15,306,NE
23/10/2006 08:30,321,NE
23/10/2006 08:45,321,NE
23/10/2006 09:00,370,NE
23/10/2006 09:15,266,NE
23/10/2006 09:30,215,NE
23/10/2006 09:45,166,NE
23/10/2006 10:00,166,NE
23/10/2006 10:15,200,NE
23/10/2006 10:30,135,NE
23/10/2006 10:45,157,NE
23/10/2006 11:00,151,NE
23/10/2006 11:15,148,NE
23/10/2006 11:30,146,NE
23/10/2006 11:45,141,NE
23/10/2006 12:00,155,NE
23/10/2006 12:15,123,NE
23/10/2006 12:30,145,NE
23/10/2006 12:45,139,NE
23/10/2006 13:00,145,NE
23/10/2006 13:15,166,NE
23/10/2006 13:30,153,NE
23/10/2006 13:45,135,NE
23/10/2006 14:00,119,NE
23/10/2006 14:15,122,NE
23/10/2006 14:30,134,NE
23/10/2006 14:45,131,NE
23/10/2006 15:00,151,NE
23/10/2006 15:15,145,NE
23/10/2006 15:30,163,NE
23/10/2006 15:45,158,NE
23/10/2006 16:00,174,NE
23/10/2006 16:15,144,NE
23/10/2006 16:30,147,NE
23/10/2006 16:45,149,NE
23/10/2006 17:00,148,NE
23/10/2006 17:15,169,NE
23/10/2006 17:30,169,NE
23/10/2006 17:45,125,NE
23/10/2006 18:00,130,NE
23/10/2006 18:15,153,NE
23/10/2006 18:30,91,NE
23/10/2006 18:45,124,NE
23/10/2006 19:00,123,NE
23/10/2006 19:15,111,NE
23/10/2006 19:30,89,NE
23/10/2006 19:45,107,NE
23/10/2006 20:00,109,NE
23/10/2006 20:15,69,NE
23/10/2006 20:30,83,NE
23/10/2006 20:45,79,NE
23/10/2006 21:00,67,NE
23/10/2006 21:15,81,NE
23/10/2006 21:30,70,NE
23/10/2006 21:45,69,NE
23/10/2006 22:00,61,NE
23/10/2006 22:15,61,NE
23/10/2006 22:30,39,NE
23/10/2006 22:45,43,NE
23/10/2006 23:00,40,NE
23/10/2006 23:15,18,NE
23/10/2006 23:30,23,NE
23/10/2006 23:45,13,NE
24/10/2006 00:00,16,NE
24/10/2006 00:15,12,NE
24/10/2006 00:30,14,NE
24/10/2006 00:45,17,NE
24/10/2006 01:00,10,NE
24/10/2006 01:15,13,NE
24/10/2006 01:30,2,NE
24/10/2006 01:45,6,NE
24/10/2006 02:00,9,NE
24/10/2006 02:15,5,NE
24/10/2006 02:30,8,NE
24/10/2006 02:45,3,NE
24/10/2006 03:00,3,NE
24/10/2006 03:15,11,NE
24/10/2006 03:30,5,NE
24/10/2006 03:45,7,NE
24/10/2006 04:00,12,NE
24/10/2006 04:15,3,NE
24/10/2006 04:30,9,NE
24/10/2006 04:45,19,NE
24/10/2006 05:00,21,NE
24/10/2006 05:15,27,NE
24/10/2006 05:30,62,NE
24/10/2006 05:45,60,NE
24/10/2006 06:00,72,NE
24/10/2006 06:15,100,NE
24/10/2006 06:30,192,NE
24/10/2006 06:45,226,NE
24/10/2006 07:00,293,NE
24/10/2006 07:15,314,NE
24/10/2006 07:30,295,NE
24/10/2006 07:45,331,NE
24/10/2006 08:00,331,NE
24/10/2006 08:15,364,NE
24/10/2006 08:30,374,NE
24/10/2006 08:45,334,NE
24/10/2006 09:00,294,NE
24/10/2006 09:15,289,NE
24/10/2006 09:30,228,NE
24/10/2006 09:45,196,NE
24/10/2006 10:00,163,NE
24/10/2006 10:15,145,NE
24/10/2006 10:30,199,NE
24/10/2006 10:45,172,NE
24/10/2006 11:00,139,NE
24/10/2006 11:15,166,NE
24/10/2006 11:30,164,NE
24/10/2006 11:45,172,NE
24/10/2006 12:00,147,NE
24/10/2006 12:15,142,NE
24/10/2006 12:30,147,NE
24/10/2006 12:45,146,NE
24/10/2006 13:00,160,NE
24/10/2006 13:15,153,NE
24/10/2006 13:30,163,NE
24/10/2006 13:45,132,NE
24/10/2006 14:00,143,NE
24/10/2006 14:15,154,NE
24/10/2006 14:30,127,NE
24/10/2006 14:45,149,NE
24/10/2006 15:00,164,NE
24/10/2006 15:15,148,NE
24/10/2006 15:30,157,NE
24/10/2006 15:45,163,NE
24/10/2006 16:00,154,NE
24/10/2006 16:15,138,NE
24/10/2006 16:30,108,NE
24/10/2006 16:45,129,NE
24/10/2006 17:00,159,NE
24/10/2006 17:15,140,NE
24/10/2006 17:30,146,NE
24/10/2006 17:45,152,NE
24/10/2006 18:00,159,NE
24/10/2006 18:15,156,NE
24/10/2006 18:30,109,NE
24/10/2006 18:45,136,NE
24/10/2006 19:00,129,NE
24/10/2006 19:15,109,NE
24/10/2006 19:30,107,NE
24/10/2006 19:45,92,NE
24/10/2006 20:00,85,NE
24/10/2006 20:15,89,NE
24/10/2006 20:30,83,NE
24/10/2006 20:45,98,NE
24/10/2006 21:00,91,NE
24/10/2006 21:15,78,NE
24/10/2006 21:30,79,NE
24/10/2006 21:45,85,NE
24/10/2006 22:00,84,NE
24/10/2006 22:15,59,NE
24/10/2006 22:30,58,NE
24/10/2006 22:45,45,NE
24/10/2006 23:00,43,NE
24/10/2006 23:15,33,NE
24/10/2006 23:30,25,NE
24/10/2006 23:45,24,NE
25/10/2006 00:00,25,NE
25/10/2006 00:15,17,NE
25/10/2006 00:30,10,NE
25/10/2006 00:45,19,NE
25/10/2006 01:00,9,NE
25/10/2006 01:15,7,NE
25/10/2006 01:30,8,NE
25/10/2006 01:45,3,NE
25/10/2006 02:00,8,NE
25/10/2006 02:15,7,NE
25/10/2006 02:30,6,NE
25/10/2006 02:45,5,NE
25/10/2006 03:00,4,NE
25/10/2006 03:15,12,NE
25/10/2006 03:30,6,NE
25/10/2006 03:45,7,NE
25/10/2006 04:00,9,NE
25/10/2006 04:15,12,NE
25/10/2006 04:30,9,NE
25/10/2006 04:45,12,NE
25/10/2006 05:00,19,NE
25/10/2006 05:15,18,NE
25/10/2006 05:30,47,NE
25/10/2006 05:45,56,NE
25/10/2006 06:00,75,NE
25/10/2006 06:15,124,NE
25/10/2006 06:30,168,NE
25/10/2006 06:45,205,NE
25/10/2006 07:00,320,NE
25/10/2006 07:15,365,NE
25/10/2006 07:30,411,NE
25/10/2006 07:45,342,NE
25/10/2006 08:00,363,NE
25/10/2006 08:15,352,NE
25/10/2006 08:30,346,NE
25/10/2006 08:45,356,NE
25/10/2006 09:00,361,NE
25/10/2006 09:15,256,NE
25/10/2006 09:30,222,NE
25/10/2006 09:45,195,NE
25/10/2006 10:00,190,NE
25/10/2006 10:15,161,NE
25/10/2006 10:30,162,NE
25/10/2006 10:45,194,NE
25/10/2006 11:00,155,NE
25/10/2006 11:15,172,NE
25/10/2006 11:30,188,NE
25/10/2006 11:45,143,NE
25/10/2006 12:00,169,NE
25/10/2006 12:15,131,NE
25/10/2006 12:30,154,NE
25/10/2006 12:45,158,NE
25/10/2006 13:00,167,NE
25/10/2006 13:15,130,NE
25/10/2006 13:30,140,NE
25/10/2006 13:45,139,NE
25/10/2006 14:00,166,NE
25/10/2006 14:15,133,NE
25/10/2006 14:30,153,NE
25/10/2006 14:45,141,NE
25/10/2006 15:00,142,NE
25/10/2006 15:15,140,NE
25/10/2006 15:30,154,NE
25/10/2006 15:45,190,NE
25/10/2006 16:00,140,NE
25/10/2006 16:15,141,NE
25/10/2006 16:30,144,NE
25/10/2006 16:45,129,NE
25/10/2006 17:00,181,NE
25/10/2006 17:15,162,NE
25/10/2006 17:30,154,NE
25/10/2006 17:45,159,NE
25/10/2006 18:00,154,NE
25/10/2006 18:15,135,NE
25/10/2006 18:30,139,NE
25/10/2006 18:45,146,NE
25/10/2006 19:00,131,NE
25/10/2006 19:15,132,NE
25/10/2006 19:30,113,NE
25/10/2006 19:45,106,NE
25/10/2006 20:00,93,NE
25/10/2006 20:15,101,NE
25/10/2006 20:30,106,NE
25/10/2006 20:45,103,NE
25/10/2006 21:00,74,NE
25/10/2006 21:15,97,NE
25/10/2006 21:30,85,NE
25/10/2006 21:45,85,NE
25/10/2006 22:00,81,NE
25/10/2006 22:15,53,NE
25/10/2006 22:30,63,NE
25/10/2006 22:45,42,NE
25/10/2006 23:00,35,NE
25/10/2006 23:15,29,NE
25/10/2006 23:30,36,NE
25/10/2006 23:45,27,NE
26/10/2006 00:00,22,NE
26/10/2006 00:15,26,NE
26/10/2006 00:30,20,NE
26/10/2006 00:45,8,NE
26/10/2006 01:00,20,NE
26/10/2006 01:15,9,NE
26/10/2006 01:30,13,NE
26/10/2006 01:45,13,NE
26/10/2006 02:00,7,NE
26/10/2006 02:15,7,NE
26/10/2006 02:30,3,NE
26/10/2006 02:45,11,NE
26/10/2006 03:00,4,NE
26/10/2006 03:15,15,NE
26/10/2006 03:30,13,NE
26/10/2006 03:45,13,NE
26/10/2006 04:00,5,NE
26/10/2006 04:15,8,NE
26/10/2006 04:30,5,NE
26/10/2006 04:45,20,NE
26/10/2006 05:00,16,NE
26/10/2006 05:15,34,NE
26/10/2006 05:30,57,NE
26/10/2006 05:45,54,NE
26/10/2006 06:00,69,NE
26/10/2006 06:15,112,NE
26/10/2006 06:30,179,NE
26/10/2006 06:45,243,NE
26/10/2006 07:00,284,NE
26/10/2006 07:15,359,NE
26/10/2006 07:30,402,NE
26/10/2006 07:45,371,NE
26/10/2006 08:00,410,NE
26/10/2006 08:15,360,NE
26/10/2006 08:30,358,NE
26/10/2006 08:45,364,NE
26/10/2006 09:00,271,NE
26/10/2006 09:15,260,NE
26/10/2006 09:30,206,NE
26/10/2006 09:45,234,NE
26/10/2006 10:00,189,NE
26/10/2006 10:15,173,NE
26/10/2006 10:30,204,NE
26/10/2006 10:45,172,NE
26/10/2006 11:00,137,NE
26/10/2006 11:15,172,NE
26/10/2006 11:30,163,NE
26/10/2006 11:45,163,NE
26/10/2006 12:00,181,NE
26/10/2006 12:15,139,NE
26/10/2006 12:30,176,NE
26/10/2006 12:45,181,NE
26/10/2006 13:00,158,NE
26/10/2006 13:15,137,NE
26/10/2006 13:30,159,NE
26/10/2006 13:45,150,NE
26/10/2006 14:00,144,NE
26/10/2006 14:15,150,NE
26/10/2006 14:30,155,NE
26/10/2006 14:45,156,NE
26/10/2006 15:00,161,NE
26/10/2006 15:15,142,NE
26/10/2006 15:30,159,NE
26/10/2006 15:45,162,NE
26/10/2006 16:00,154,NE
26/10/2006 16:15,152,NE
26/10/2006 16:30,120,NE
26/10/2006 16:45,157,NE
26/10/2006 17:00,160,NE
26/10/2006 17:15,161,NE
26/10/2006 17:30,136,NE
26/10/2006 17:45,161,NE
26/10/2006 18:00,171,NE
26/10/2006 18:15,142,NE
26/10/2006 18:30,161,NE
26/10/2006 18:45,143,NE
26/10/2006 19:00,126,NE
26/10/2006 19:15,145,NE
26/10/2006 19:30,127,NE
26/10/2006 19:45,156,NE
26/10/2006 20:00,98,NE
26/10/2006 20:15,102,NE
26/10/2006 20:30,93,NE
26/10/2006 20:45,91,NE
26/10/2006 21:00,66,NE
26/10/2006 21:15,97,NE
26/10/2006 21:30,106,NE
26/10/2006 21:45,104,NE
26/10/2006 22:00,93,NE
26/10/2006 22:15,73,NE
26/10/2006 22:30,68,NE
26/10/2006 22:45,64,NE
26/10/2006 23:00,57,NE
26/10/2006 23:15,55,NE
26/10/2006 23:30,48,NE
26/10/2006 23:45,39,NE
27/10/2006 00:00,32,NE
27/10/2006 00:15,13,NE
27/10/2006 00:30,12,NE
27/10/2006 00:45,20,NE
27/10/2006 01:00,16,NE
27/10/2006 01:15,23,NE
27/10/2006 01:30,14,NE
27/10/2006 01:45,11,NE
27/10/2006 02:00,12,NE
27/10/2006 02:15,14,NE
27/10/2006 02:30,12,NE
27/10/2006 02:45,1,NE
27/10/2006 03:00,9,NE
27/10/2006 03:15,8,NE
27/10/2006 03:30,12,NE
27/10/2006 03:45,10,NE
27/10/2006 04:00,14,NE
27/10/2006 04:15,11,NE
27/10/2006 04:30,17,NE
27/10/2006 04:45,16,NE
27/10/2006 05:00,14,NE
27/10/2006 05:15,36,NE
27/10/2006 05:30,50,NE
27/10/2006 05:45,76,NE
27/10/2006 06:00,65,NE
27/10/2006 06:15,120,NE
27/10/2006 06:30,159,NE
27/10/2006 06:45,229,NE
27/10/2006 07:00,295,NE
27/10/2006 07:15,337,NE
27/10/2006 07:30,365,NE
27/10/2006 07:45,394,NE
27/10/2006 08:00,333,NE
27/10/2006 08:15,352,NE
27/10/2006 08:30,362,NE
27/10/2006 08:45,307,NE
27/10/2006 09:00,243,NE
27/10/2006 09:15,224,NE
27/10/2006 09:30,203,NE
27/10/2006 09:45,174,NE
27/10/2006 10:00,195,NE
27/10/2006 10:15,173,NE
27/10/2006 10:30,183,NE
27/10/2006 10:45,196,NE
27/10/2006 11:00,169,NE
27/10/2006 11:15,154,NE
27/10/2006 11:30,180,NE
27/10/2006 11:45,166,NE
27/10/2006 12:00,157,NE
27/10/2006 12:15,176,NE
27/10/2006 12:30,181,NE
27/10/2006 12:45,174,NE
27/10/2006 13:00,159,NE
27/10/2006 13:15,158,NE
27/10/2006 13:30,159,NE
27/10/2006 13:45,134,NE
27/10/2006 14:00,159,NE
27/10/2006 14:15,159,NE
27/10/2006 14:30,177,NE
27/10/2006 14:45,148,NE
27/10/2006 15:00,162,NE
27/10/2006 15:15,149,NE
27/10/2006 15:30,155,NE
27/10/2006 15:45,184,NE
27/10/2006 16:00,161,NE
27/10/2006 16:15,173,NE
27/10/2006 16:30,133,NE
27/10/2006 16:45,160,NE
27/10/2006 17:00,148,NE
27/10/2006 17:15,172,NE
27/10/2006 17:30,159,NE
27/10/2006 17:45,153,NE
27/10/2006 18:00,164,NE
27/10/2006 18:15,153,NE
27/10/2006 18:30,163,NE
27/10/2006 18:45,154,NE
27/10/2006 19:00,145,NE
27/10/2006 19:15,142,NE
27/10/2006 19:30,150,NE
27/10/2006 19:45,126,NE
27/10/2006 20:00,123,NE
27/10/2006 20:15,110,NE
27/10/2006 20:30,99,NE
27/10/2006 20:45,102,NE
27/10/2006 21:00,100,NE
27/10/2006 21:15,85,NE
27/10/2006 21:30,83,NE
27/10/2006 21:45,82,NE
27/10/2006 22:00,67,NE
27/10/2006 22:15,82,NE
27/10/2006 22:30,82,NE
27/10/2006 22:45,60,NE
27/10/2006 23:00,80,NE
27/10/2006 23:15,63,NE
27/10/2006 23:30,63,NE
27/10/2006 23:45,53,NE
28/10/2006 00:00,41,NE
28/10/2006 00:15,46,NE
28/10/2006 00:30,41,NE
28/10/2006 00:45,25,NE
28/10/2006 01:00,39,NE
28/10/2006 01:15,20,NE
28/10/2006 01:30,23,NE
28/10/2006 01:45,29,NE
28/10/2006 02:00,17,NE
28/10/2006 02:15,28,NE
28/10/2006 02:30,21,NE
28/10/2006 02:45,33,NE
28/10/2006 03:00,21,NE
28/10/2006 03:15,24,NE
28/10/2006 03:30,19,NE
28/10/2006 03:45,14,NE
28/10/2006 04:00,10,NE
28/10/2006 04:15,16,NE
28/10/2006 04:30,16,NE
28/10/2006 04:45,20,NE
28/10/2006 05:00,19,NE
28/10/2006 05:15,20,NE
28/10/2006 05:30,24,NE
28/10/2006 05:45,38,NE
28/10/2006 06:00,36,NE
28/10/2006 06:15,35,NE
28/10/2006 06:30,70,NE
28/10/2006 06:45,59,NE
28/10/2006 07:00,54,NE
28/10/2006 07:15,56,NE
28/10/2006 07:30,90,NE
28/10/2006 07:45,99,NE
28/10/2006 08:00,100,NE
28/10/2006 08:15,116,NE
28/10/2006 08:30,154,NE
28/10/2006 08:45,148,NE
28/10/2006 09:00,155,NE
28/10/2006 09:15,142,NE
28/10/2006 09:30,183,NE
28/10/2006 09:45,183,NE
28/10/2006 10:00,172,NE
28/10/2006 10:15,163,NE
28/10/2006 10:30,186,NE
28/10/2006 10:45,184,NE
28/10/2006 11:00,155,NE
28/10/2006 11:15,188,NE
28/10/2006 11:30,154,NE
28/10/2006 11:45,175,NE
28/10/2006 12:00,164,NE
28/10/2006 12:15,188,NE
28/10/2006 12:30,182,NE
28/10/2006 12:45,176,NE
28/10/2006 13:00,146,NE
28/10/2006 13:15,159,NE
28/10/2006 13:30,203,NE
28/10/2006 13:45,176,NE
28/10/2006 14:00,166,NE
28/10/2006 14:15,174,NE
28/10/2006 14:30,170,NE
28/10/2006 14:45,179,NE
28/10/2006 15:00,173,NE
28/10/2006 15:15,153,NE
28/10/2006 15:30,142,NE
28/10/2006 15:45,160,NE
28/10/2006 16:00,171,NE
28/10/2006 16:15,168,NE
28/10/2006 16:30,143,NE
28/10/2006 16:45,142,NE
28/10/2006 17:00,179,NE
28/10/2006 17:15,152,NE
28/10/2006 17:30,146,NE
28/10/2006 17:45,148,NE
28/10/2006 18:00,145,NE
28/10/2006 18:15,172,NE
28/10/2006 18:30,132,NE
28/10/2006 18:45,160,NE
28/10/2006 19:00,145,NE
28/10/2006 19:15,138,NE
28/10/2006 19:30,105,NE
28/10/2006 19:45,132,NE
28/10/2006 20:00,106,NE
28/10/2006 20:15,112,NE
28/10/2006 20:30,94,NE
28/10/2006 20:45,90,NE
28/10/2006 21:00,95,NE
28/10/2006 21:15,82,NE
28/10/2006 21:30,110,NE
28/10/2006 21:45,73,NE
28/10/2006 22:00,63,NE
28/10/2006 22:15,71,NE
28/10/2006 22:30,89,NE
28/10/2006 22:45,98,NE
28/10/2006 23:00,89,NE
28/10/2006 23:15,78,NE
28/10/2006 23:30,78,NE
28/10/2006 23:45,58,NE
29/10/2006 00:00,80,NE
29/10/2006 00:15,61,NE
29/10/2006 00:30,64,NE
29/10/2006 00:45,48,NE
29/10/2006 01:00,41,NE
29/10/2006 01:15,36,NE
29/10/2006 01:30,39,NE
29/10/2006 01:45,0,NE
29/10/2006 02:00,0,NE
29/10/2006 02:15,0,NE
29/10/2006 02:30,0,NE
29/10/2006 02:45,29,NE
29/10/2006 03:00,43,NE
29/10/2006 03:15,25,NE
29/10/2006 03:30,22,NE
29/10/2006 03:45,22,NE
29/10/2006 04:00,30,NE
29/10/2006 04:15,21,NE
29/10/2006 04:30,20,NE
29/10/2006 04:45,26,NE
29/10/2006 05:00,21,NE
29/10/2006 05:15,24,NE
29/10/2006 05:30,26,NE
29/10/2006 05:45,25,NE
29/10/2006 06:00,18,NE
29/10/2006 06:15,23,NE
29/10/2006 06:30,45,NE
29/10/2006 06:45,35,NE
29/10/2006 07:00,30,NE
29/10/2006 07:15,27,NE
29/10/2006 07:30,33,NE
29/10/2006 07:45,34,NE
29/10/2006 08:00,56,NE
29/10/2006 08:15,53,NE
29/10/2006 08:30,56,NE
29/10/2006 08:45,80,NE
29/10/2006 09:00,100,NE
29/10/2006 09:15,89,NE
29/10/2006 09:30,96,NE
29/10/2006 09:45,126,NE
29/10/2006 10:00,112,NE
29/10/2006 10:15,126,NE
29/10/2006 10:30,116,NE
29/10/2006 10:45,147,NE
29/10/2006 11:00,122,NE
29/10/2006 11:15,118,NE
29/10/2006 11:30,147,NE
29/10/2006 11:45,159,NE
29/10/2006 12:00,163,NE
29/10/2006 12:15,164,NE
29/10/2006 12:30,170,NE
29/10/2006 12:45,166,NE
29/10/2006 13:00,151,NE
29/10/2006 13:15,171,NE
29/10/2006 13:30,176,NE
29/10/2006 13:45,149,NE
29/10/2006 14:00,139,NE
29/10/2006 14:15,173,NE
29/10/2006 14:30,180,NE
29/10/2006 14:45,148,NE
29/10/2006 15:00,155,NE
29/10/2006 15:15,132,NE
29/10/2006 15:30,137,NE
29/10/2006 15:45,148,NE
29/10/2006 16:00,144,NE
29/10/2006 16:15,164,NE
29/10/2006 16:30,138,NE
29/10/2006 16:45,166,NE
29/10/2006 17:00,133,NE
29/10/2006 17:15,132,NE
29/10/2006 17:30,149,NE
29/10/2006 17:45,145,NE
29/10/2006 18:00,133,NE
29/10/2006 18:15,148,NE
29/10/2006 18:30,158,NE
29/10/2006 18:45,131,NE
29/10/2006 19:00,101,NE
29/10/2006 19:15,97,NE
29/10/2006 19:30,105,NE
29/10/2006 19:45,113,NE
29/10/2006 20:00,73,NE
29/10/2006 20:15,81,NE
29/10/2006 20:30,94,NE
29/10/2006 20:45,85,NE
29/10/2006 21:00,74,NE
29/10/2006 21:15,73,NE
29/10/2006 21:30,69,NE
29/10/2006 21:45,43,NE
29/10/2006 22:00,69,NE
29/10/2006 22:15,47,NE
29/10/2006 22:30,48,NE
29/10/2006 22:45,48,NE
29/10/2006 23:00,38,NE
29/10/2006 23:15,25,NE
29/10/2006 23:30,27,NE
29/10/2006 23:45,27,NE
30/10/2006 00:00,23,NE
30/10/2006 00:15,15,NE
30/10/2006 00:30,17,NE
30/10/2006 00:45,12,NE
30/10/2006 01:00,21,NE
30/10/2006 01:15,7,NE
30/10/2006 01:30,12,NE
30/10/2006 01:45,6,NE
30/10/2006 02:00,5,NE
30/10/2006 02:15,5,NE
30/10/2006 02:30,4,NE
30/10/2006 02:45,4,NE
30/10/2006 03:00,7,NE
30/10/2006 03:15,4,NE
30/10/2006 03:30,3,NE
30/10/2006 03:45,9,NE
30/10/2006 04:00,7,NE
30/10/2006 04:15,7,NE
30/10/2006 04:30,9,NE
30/10/2006 04:45,13,NE
30/10/2006 05:00,18,NE
30/10/2006 05:15,34,NE
30/10/2006 05:30,47,NE
30/10/2006 05:45,36,NE
30/10/2006 06:00,55,NE
30/10/2006 06:15,81,NE
30/10/2006 06:30,154,NE
30/10/2006 06:45,202,NE
30/10/2006 07:00,301,NE
30/10/2006 07:15,342,NE
30/10/2006 07:30,377,NE
30/10/2006 07:45,283,NE
30/10/2006 08:00,338,NE
30/10/2006 08:15,325,NE
30/10/2006 08:30,333,NE
30/10/2006 08:45,311,NE
30/10/2006 09:00,339,NE
30/10/2006 09:15,213,NE
30/10/2006 09:30,202,NE
30/10/2006 09:45,188,NE
30/10/2006 10:00,180,NE
30/10/2006 10:15,129,NE
30/10/2006 10:30,164,NE
30/10/2006 10:45,171,NE
30/10/2006 11:00,165,NE
30/10/2006 11:15,161,NE
30/10/2006 11:30,155,NE
30/10/2006 11:45,140,NE
30/10/2006 12:00,150,NE
30/10/2006 12:15,158,NE
30/10/2006 12:30,162,NE
30/10/2006 12:45,148,NE
30/10/2006 13:00,159,NE
30/10/2006 13:15,144,NE
30/10/2006 13:30,171,NE
30/10/2006 13:45,161,NE
30/10/2006 14:00,166,NE
30/10/2006 14:15,157,NE
30/10/2006 14:30,140,NE
30/10/2006 14:45,148,NE
30/10/2006 15:00,154,NE
30/10/2006 15:15,194,NE
30/10/2006 15:30,121,NE
30/10/2006 15:45,189,NE
30/10/2006 16:00,166,NE
30/10/2006 16:15,129,NE
30/10/2006 16:30,151,NE
30/10/2006 16:45,142,NE
30/10/2006 17:00,144,NE
30/10/2006 17:15,141,NE
30/10/2006 17:30,168,NE
30/10/2006 17:45,142,NE
30/10/2006 18:00,149,NE
30/10/2006 18:15,134,NE
30/10/2006 18:30,116,NE
30/10/2006 18:45,114,NE
30/10/2006 19:00,113,NE
30/10/2006 19:15,113,NE
30/10/2006 19:30,98,NE
30/10/2006 19:45,82,NE
30/10/2006 20:00,89,NE
30/10/2006 20:15,83,NE
30/10/2006 20:30,89,NE
30/10/2006 20:45,76,NE
30/10/2006 21:00,71,NE
30/10/2006 21:15,82,NE
30/10/2006 21:30,62,NE
30/10/2006 21:45,85,NE
30/10/2006 22:00,56,NE
30/10/2006 22:15,53,NE
30/10/2006 22:30,62,NE
30/10/2006 22:45,37,NE
30/10/2006 23:00,40,NE
30/10/2006 23:15,31,NE
30/10/2006 23:30,28,NE
30/10/2006 23:45,24,NE
31/10/2006 00:00,21,NE
31/10/2006 00:15,21,NE
31/10/2006 00:30,13,NE
31/10/2006 00:45,15,NE
31/10/2006 01:00,9,NE
31/10/2006 01:15,5,NE
31/10/2006 01:30,11,NE
31/10/2006 01:45,10,NE
31/10/2006 02:00,4,NE
31/10/2006 02:15,6,NE
31/10/2006 02:30,3,NE
31/10/2006 02:45,5,NE
31/10/2006 03:00,4,NE
31/10/2006 03:15,7,NE
31/10/2006 03:30,7,NE
31/10/2006 03:45,10,NE
31/10/2006 04:00,5,NE
31/10/2006 04:15,8,NE
31/10/2006 04:30,14,NE
31/10/2006 04:45,12,NE
31/10/2006 05:00,14,NE
31/10/2006 05:15,17,NE
31/10/2006 05:30,52,NE
31/10/2006 05:45,66,NE
31/10/2006 06:00,52,NE
31/10/2006 06:15,106,NE
31/10/2006 06:30,180,NE
31/10/2006 06:45,216,NE
31/10/2006 07:00,278,NE
31/10/2006 07:15,389,NE
31/10/2006 07:30,381,NE
31/10/2006 07:45,367,NE
31/10/2006 08:00,362,NE
31/10/2006 08:15,350,NE
31/10/2006 08:30,393,NE
31/10/2006 08:45,356,NE
31/10/2006 09:00,279,NE
31/10/2006 09:15,237,NE
31/10/2006 09:30,214,NE
31/10/2006 09:45,176,NE
31/10/2006 10:00,181,NE
31/10/2006 10:15,138,NE
31/10/2006 10:30,159,NE
31/10/2006 10:45,165,NE
31/10/2006 11:00,158,NE
31/10/2006 11:15,163,NE
31/10/2006 11:30,196,NE
31/10/2006 11:45,178,NE
31/10/2006 12:00,159,NE
31/10/2006 12:15,163,NE
31/10/2006 12:30,159,NE
31/10/2006 12:45,157,NE
31/10/2006 13:00,133,NE
31/10/2006 13:15,147,NE
31/10/2006 13:30,160,NE
31/10/2006 13:45,135,NE
31/10/2006 14:00,127,NE
31/10/2006 14:15,132,NE
31/10/2006 14:30,152,NE
31/10/2006 14:45,132,NE
31/10/2006 15:00,159,NE
31/10/2006 15:15,161,NE
31/10/2006 15:30,152,NE
31/10/2006 15:45,156,NE
31/10/2006 16:00,167,NE
31/10/2006 16:15,136,NE
31/10/2006 16:30,136,NE
31/10/2006 16:45,146,NE
31/10/2006 17:00,146,NE
31/10/2006 17:15,166,NE
31/10/2006 17:30,160,NE
31/10/2006 17:45,166,NE
31/10/2006 18:00,134,NE
31/10/2006 18:15,150,NE
31/10/2006 18:30,133,NE
31/10/2006 18:45,118,NE
31/10/2006 19:00,107,NE
31/10/2006 19:15,108,NE
31/10/2006 19:30,110,NE
31/10/2006 19:45,106,NE
31/10/2006 20:00,70,NE
31/10/2006 20:15,115,NE
31/10/2006 20:30,79,NE
31/10/2006 20:45,109,NE
31/10/2006 21:00,69,NE
31/10/2006 21:15,82,NE
31/10/2006 21:30,70,NE
31/10/2006 21:45,81,NE
31/10/2006 22:00,72,NE
31/10/2006 22:15,62,NE
31/10/2006 22:30,52,NE
31/10/2006 22:45,57,NE
31/10/2006 23:00,39,NE
31/10/2006 23:15,28,NE
31/10/2006 23:30,32,NE
31/10/2006 23:45,29,NE
1/10/2006 00:00,44,N
1/10/2006 00:15,69,N
1/10/2006 00:30,54,N
1/10/2006 00:45,54,N
1/10/2006 01:00,40,N
1/10/2006 01:15,32,N
1/10/2006 01:30,26,N
1/10/2006 01:45,26,N
1/10/2006 02:00,32,N
1/10/2006 02:15,34,N
1/10/2006 02:30,19,N
1/10/2006 02:45,18,N
1/10/2006 03:00,18,N
1/10/2006 03:15,19,N
1/10/2006 03:30,14,N
1/10/2006 03:45,15,N
1/10/2006 04:00,22,N
1/10/2006 04:15,9,N
1/10/2006 04:30,16,N
1/10/2006 04:45,19,N
1/10/2006 05:00,21,N
1/10/2006 05:15,14,N
1/10/2006 05:30,18,N
1/10/2006 05:45,25,N
1/10/2006 06:00,26,N
1/10/2006 06:15,28,N
1/10/2006 06:30,34,N
1/10/2006 06:45,53,N
1/10/2006 07:00,42,N
1/10/2006 07:15,52,N
1/10/2006 07:30,37,N
1/10/2006 07:45,73,N
1/10/2006 08:00,61,N
1/10/2006 08:15,73,N
1/10/2006 08:30,95,N
1/10/2006 08:45,111,N
1/10/2006 09:00,116,N
1/10/2006 09:15,151,N
1/10/2006 09:30,149,N
1/10/2006 09:45,201,N
1/10/2006 10:00,179,N
1/10/2006 10:15,177,N
1/10/2006 10:30,187,N
1/10/2006 10:45,207,N
1/10/2006 11:00,165,N
1/10/2006 11:15,192,N
1/10/2006 11:30,195,N
1/10/2006 11:45,216,N
1/10/2006 12:00,190,N
1/10/2006 12:15,241,N
1/10/2006 12:30,242,N
1/10/2006 12:45,202,N
1/10/2006 13:00,187,N
1/10/2006 13:15,206,N
1/10/2006 13:30,200,N
1/10/2006 13:45,188,N
1/10/2006 14:00,222,N
1/10/2006 14:15,194,N
1/10/2006 14:30,201,N
1/10/2006 14:45,168,N
1/10/2006 15:00,212,N
1/10/2006 15:15,189,N
1/10/2006 15:30,204,N
1/10/2006 15:45,178,N
1/10/2006 16:00,221,N
1/10/2006 16:15,189,N
1/10/2006 16:30,199,N
1/10/2006 16:45,229,N
1/10/2006 17:00,175,N
1/10/2006 17:15,192,N
1/10/2006 17:30,207,N
1/10/2006 17:45,191,N
1/10/2006 18:00,201,N
1/10/2006 18:15,192,N
1/10/2006 18:30,146,N
1/10/2006 18:45,172,N
1/10/2006 19:00,123,N
1/10/2006 19:15,118,N
1/10/2006 19:30,108,N
1/10/2006 19:45,125,N
1/10/2006 20:00,93,N
1/10/2006 20:15,94,N
1/10/2006 20:30,104,N
1/10/2006 20:45,146,N
1/10/2006 21:00,82,N
1/10/2006 21:15,110,N
1/10/2006 21:30,102,N
1/10/2006 21:45,90,N
1/10/2006 22:00,170,N
1/10/2006 22:15,54,N
1/10/2006 22:30,44,N
1/10/2006 22:45,28,N
1/10/2006 23:00,33,N
1/10/2006 23:15,28,N
1/10/2006 23:30,13,N
1/10/2006 23:45,7,N
2/10/2006 00:00,7,N
2/10/2006 00:15,6,N
2/10/2006 00:30,2,N
2/10/2006 00:45,1,N
2/10/2006 01:00,0,N
2/10/2006 01:15,3,N
2/10/2006 01:30,10,N
2/10/2006 01:45,7,N
2/10/2006 02:00,10,N
2/10/2006 02:15,13,N
2/10/2006 02:30,5,N
2/10/2006 02:45,8,N
2/10/2006 03:00,13,N
2/10/2006 03:15,6,N
2/10/2006 03:30,6,N
2/10/2006 03:45,17,N
2/10/2006 04:00,4,N
2/10/2006 04:15,15,N
2/10/2006 04:30,22,N
2/10/2006 04:45,17,N
2/10/2006 05:00,22,N
2/10/2006 05:15,23,N
2/10/2006 05:30,48,N
2/10/2006 05:45,77,N
2/10/2006 06:00,80,N
2/10/2006 06:15,107,N
2/10/2006 06:30,191,N
2/10/2006 06:45,234,N
2/10/2006 07:00,318,N
2/10/2006 07:15,389,N
2/10/2006 07:30,363,N
2/10/2006 07:45,373,N
2/10/2006 08:00,352,N
2/10/2006 08:15,356,N
2/10/2006 08:30,336,N
2/10/2006 08:45,394,N
2/10/2006 09:00,342,N
2/10/2006 09:15,325,N
2/10/2006 09:30,272,N
2/10/2006 09:45,242,N
2/10/2006 10:00,234,N
2/10/2006 10:15,221,N
2/10/2006 10:30,203,N
2/10/2006 10:45,228,N
2/10/2006 11:00,222,N
2/10/2006 11:15,188,N
2/10/2006 11:30,210,N
2/10/2006 11:45,197,N
2/10/2006 12:00,202,N
2/10/2006 12:15,222,N
2/10/2006 12:30,186,N
2/10/2006 12:45,218,N
2/10/2006 13:00,201,N
2/10/2006 13:15,201,N
2/10/2006 13:30,232,N
2/10/2006 13:45,205,N
2/10/2006 14:00,186,N
2/10/2006 14:15,198,N
2/10/2006 14:30,193,N
2/10/2006 14:45,204,N
2/10/2006 15:00,228,N
2/10/2006 15:15,221,N
2/10/2006 15:30,220,N
2/10/2006 15:45,219,N
2/10/2006 16:00,212,N
2/10/2006 16:15,190,N
2/10/2006 16:30,221,N
2/10/2006 16:45,202,N
2/10/2006 17:00,209,N
2/10/2006 17:15,227,N
2/10/2006 17:30,244,N
2/10/2006 17:45,223,N
2/10/2006 18:00,214,N
2/10/2006 18:15,210,N
2/10/2006 18:30,213,N
2/10/2006 18:45,171,N
2/10/2006 19:00,221,N
2/10/2006 19:15,230,N
2/10/2006 19:30,128,N
2/10/2006 19:45,128,N
2/10/2006 20:00,119,N
2/10/2006 20:15,112,N
2/10/2006 20:30,111,N
2/10/2006 20:45,89,N
2/10/2006 21:00,106,N
2/10/2006 21:15,98,N
2/10/2006 21:30,73,N
2/10/2006 21:45,93,N
2/10/2006 22:00,70,N
2/10/2006 22:15,66,N
2/10/2006 22:30,51,N
2/10/2006 22:45,29,N
2/10/2006 23:00,42,N
2/10/2006 23:15,39,N
2/10/2006 23:30,31,N
2/10/2006 23:45,21,N
3/10/2006 00:00,22,N
3/10/2006 00:15,17,N
3/10/2006 00:30,8,N
3/10/2006 00:45,14,N
3/10/2006 01:00,7,N
3/10/2006 01:15,11,N
3/10/2006 01:30,6,N
3/10/2006 01:45,4,N
3/10/2006 02:00,4,N
3/10/2006 02:15,9,N
3/10/2006 02:30,7,N
3/10/2006 02:45,7,N
3/10/2006 03:00,10,N
3/10/2006 03:15,8,N
3/10/2006 03:30,7,N
3/10/2006 03:45,7,N
3/10/2006 04:00,6,N
3/10/2006 04:15,18,N
3/10/2006 04:30,20,N
3/10/2006 04:45,19,N
3/10/2006 05:00,26,N
3/10/2006 05:15,29,N
3/10/2006 05:30,49,N
3/10/2006 05:45,91,N
3/10/2006 06:00,88,N
3/10/2006 06:15,164,N
3/10/2006 06:30,273,N
3/10/2006 06:45,296,N
3/10/2006 07:00,378,N
3/10/2006 07:15,396,N
3/10/2006 07:30,377,N
3/10/2006 07:45,355,N
3/10/2006 08:00,371,N
3/10/2006 08:15,360,N
3/10/2006 08:30,385,N
3/10/2006 08:45,382,N
3/10/2006 09:00,385,N
3/10/2006 09:15,361,N
3/10/2006 09:30,260,N
3/10/2006 09:45,280,N
3/10/2006 10:00,242,N
3/10/2006 10:15,249,N
3/10/2006 10:30,218,N
3/10/2006 10:45,186,N
3/10/2006 11:00,216,N
3/10/2006 11:15,198,N
3/10/2006 11:30,215,N
3/10/2006 11:45,202,N
3/10/2006 12:00,205,N
3/10/2006 12:15,224,N
3/10/2006 12:30,242,N
3/10/2006 12:45,200,N
3/10/2006 13:00,187,N
3/10/2006 13:15,217,N
3/10/2006 13:30,200,N
3/10/2006 13:45,218,N
3/10/2006 14:00,202,N
3/10/2006 14:15,260,N
3/10/2006 14:30,195,N
3/10/2006 14:45,240,N
3/10/2006 15:00,249,N
3/10/2006 15:15,220,N
3/10/2006 15:30,227,N
3/10/2006 15:45,237,N
3/10/2006 16:00,214,N
3/10/2006 16:15,224,N
3/10/2006 16:30,228,N
3/10/2006 16:45,233,N
3/10/2006 17:00,219,N
3/10/2006 17:15,265,N
3/10/2006 17:30,242,N
3/10/2006 17:45,254,N
3/10/2006 18:00,217,N
3/10/2006 18:15,241,N
3/10/2006 18:30,199,N
3/10/2006 18:45,227,N
3/10/2006 19:00,183,N
3/10/2006 19:15,215,N
3/10/2006 19:30,165,N
3/10/2006 19:45,159,N
3/10/2006 20:00,167,N
3/10/2006 20:15,125,N
3/10/2006 20:30,108,N
3/10/2006 20:45,104,N
3/10/2006 21:00,134,N
3/10/2006 21:15,98,N
3/10/2006 21:30,111,N
3/10/2006 21:45,84,N
3/10/2006 22:00,75,N
3/10/2006 22:15,97,N
3/10/2006 22:30,93,N
3/10/2006 22:45,61,N
3/10/2006 23:00,40,N
3/10/2006 23:15,49,N
3/10/2006 23:30,47,N
3/10/2006 23:45,32,N
4/10/2006 00:00,27,N
4/10/2006 00:15,19,N
4/10/2006 00:30,19,N
4/10/2006 00:45,22,N
4/10/2006 01:00,6,N
4/10/2006 01:15,9,N
4/10/2006 01:30,6,N
4/10/2006 01:45,5,N
4/10/2006 02:00,6,N
4/10/2006 02:15,6,N
4/10/2006 02:30,8,N
4/10/2006 02:45,9,N
4/10/2006 03:00,6,N
4/10/2006 03:15,3,N
4/10/2006 03:30,10,N
4/10/2006 03:45,9,N
4/10/2006 04:00,16,N
4/10/2006 04:15,11,N
4/10/2006 04:30,29,N
4/10/2006 04:45,19,N
4/10/2006 05:00,33,N
4/10/2006 05:15,41,N
4/10/2006 05:30,49,N
4/10/2006 05:45,102,N
4/10/2006 06:00,105,N
4/10/2006 06:15,166,N
4/10/2006 06:30,252,N
4/10/2006 06:45,290,N
4/10/2006 07:00,316,N
4/10/2006 07:15,365,N
4/10/2006 07:30,400,N
4/10/2006 07:45,350,N
4/10/2006 08:00,333,N
4/10/2006 08:15,379,N
4/10/2006 08:30,369,N
4/10/2006 08:45,388,N
4/10/2006 09:00,390,N
4/10/2006 09:15,351,N
4/10/2006 09:30,278,N
4/10/2006 09:45,288,N
4/10/2006 10:00,227,N
4/10/2006 10:15,241,N
4/10/2006 10:30,228,N
4/10/2006 10:45,237,N
4/10/2006 11:00,230,N
4/10/2006 11:15,243,N
4/10/2006 11:30,183,N
4/10/2006 11:45,242,N
4/10/2006 12:00,215,N
4/10/2006 12:15,217,N
4/10/2006 12:30,210,N
4/10/2006 12:45,216,N
4/10/2006 13:00,204,N
4/10/2006 13:15,209,N
4/10/2006 13:30,212,N
4/10/2006 13:45,190,N
4/10/2006 14:00,204,N
4/10/2006 14:15,244,N
4/10/2006 14:30,218,N
4/10/2006 14:45,182,N
4/10/2006 15:00,255,N
4/10/2006 15:15,239,N
4/10/2006 15:30,211,N
4/10/2006 15:45,224,N
4/10/2006 16:00,194,N
4/10/2006 16:15,231,N
4/10/2006 16:30,217,N
4/10/2006 16:45,225,N
4/10/2006 17:00,196,N
4/10/2006 17:15,204,N
4/10/2006 17:30,241,N
4/10/2006 17:45,224,N
4/10/2006 18:00,205,N
4/10/2006 18:15,246,N
4/10/2006 18:30,207,N
4/10/2006 18:45,220,N
4/10/2006 19:00,209,N
4/10/2006 19:15,201,N
4/10/2006 19:30,196,N
4/10/2006 19:45,158,N
4/10/2006 20:00,140,N
4/10/2006 20:15,121,N
4/10/2006 20:30,120,N
4/10/2006 20:45,112,N
4/10/2006 21:00,109,N
4/10/2006 21:15,96,N
4/10/2006 21:30,104,N
4/10/2006 21:45,105,N
4/10/2006 22:00,107,N
4/10/2006 22:15,75,N
4/10/2006 22:30,73,N
4/10/2006 22:45,58,N
4/10/2006 23:00,53,N
4/10/2006 23:15,60,N
4/10/2006 23:30,54,N
4/10/2006 23:45,30,N
5/10/2006 00:00,26,N
5/10/2006 00:15,20,N
5/10/2006 00:30,10,N
5/10/2006 00:45,21,N
5/10/2006 01:00,13,N
5/10/2006 01:15,8,N
5/10/2006 01:30,16,N
5/10/2006 01:45,3,N
5/10/2006 02:00,5,N
5/10/2006 02:15,7,N
5/10/2006 02:30,10,N
5/10/2006 02:45,6,N
5/10/2006 03:00,7,N
5/10/2006 03:15,8,N
5/10/2006 03:30,9,N
5/10/2006 03:45,10,N
5/10/2006 04:00,7,N
5/10/2006 04:15,16,N
5/10/2006 04:30,17,N
5/10/2006 04:45,19,N
5/10/2006 05:00,29,N
5/10/2006 05:15,41,N
5/10/2006 05:30,65,N
5/10/2006 05:45,98,N
5/10/2006 06:00,118,N
5/10/2006 06:15,187,N
5/10/2006 06:30,239,N
5/10/2006 06:45,310,N
5/10/2006 07:00,375,N
5/10/2006 07:15,361,N
5/10/2006 07:30,346,N
5/10/2006 07:45,375,N
5/10/2006 08:00,320,N
5/10/2006 08:15,359,N
5/10/2006 08:30,355,N
5/10/2006 08:45,362,N
5/10/2006 09:00,388,N
5/10/2006 09:15,360,N
5/10/2006 09:30,278,N
5/10/2006 09:45,258,N
5/10/2006 10:00,238,N
5/10/2006 10:15,245,N
5/10/2006 10:30,229,N
5/10/2006 10:45,258,N
5/10/2006 11:00,225,N
5/10/2006 11:15,239,N
5/10/2006 11:30,207,N
5/10/2006 11:45,201,N
5/10/2006 12:00,247,N
5/10/2006 12:15,216,N
5/10/2006 12:30,225,N
5/10/2006 12:45,186,N
5/10/2006 13:00,199,N
5/10/2006 13:15,232,N
5/10/2006 13:30,245,N
5/10/2006 13:45,223,N
5/10/2006 14:00,213,N
5/10/2006 14:15,229,N
5/10/2006 14:30,233,N
5/10/2006 14:45,264,N
5/10/2006 15:00,245,N
5/10/2006 15:15,243,N
5/10/2006 15:30,233,N
5/10/2006 15:45,227,N
5/10/2006 16:00,214,N
5/10/2006 16:15,226,N
5/10/2006 16:30,257,N
5/10/2006 16:45,240,N
5/10/2006 17:00,230,N
5/10/2006 17:15,228,N
5/10/2006 17:30,280,N
5/10/2006 17:45,230,N
5/10/2006 18:00,216,N
5/10/2006 18:15,201,N
5/10/2006 18:30,219,N
5/10/2006 18:45,227,N
5/10/2006 19:00,220,N
5/10/2006 19:15,221,N
5/10/2006 19:30,167,N
5/10/2006 19:45,161,N
5/10/2006 20:00,128,N
5/10/2006 20:15,124,N
5/10/2006 20:30,109,N
5/10/2006 20:45,114,N
5/10/2006 21:00,111,N
5/10/2006 21:15,118,N
5/10/2006 21:30,108,N
5/10/2006 21:45,90,N
5/10/2006 22:00,115,N
5/10/2006 22:15,88,N
5/10/2006 22:30,70,N
5/10/2006 22:45,69,N
5/10/2006 23:00,60,N
5/10/2006 23:15,49,N
5/10/2006 23:30,33,N
5/10/2006 23:45,22,N
6/10/2006 00:00,32,N
6/10/2006 00:15,22,N
6/10/2006 00:30,27,N
6/10/2006 00:45,18,N
6/10/2006 01:00,13,N
6/10/2006 01:15,20,N
6/10/2006 01:30,16,N
6/10/2006 01:45,14,N
6/10/2006 02:00,7,N
6/10/2006 02:15,8,N
6/10/2006 02:30,11,N
6/10/2006 02:45,6,N
6/10/2006 03:00,7,N
6/10/2006 03:15,5,N
6/10/2006 03:30,14,N
6/10/2006 03:45,8,N
6/10/2006 04:00,9,N
6/10/2006 04:15,13,N
6/10/2006 04:30,19,N
6/10/2006 04:45,19,N
6/10/2006 05:00,23,N
6/10/2006 05:15,35,N
6/10/2006 05:30,50,N
6/10/2006 05:45,90,N
6/10/2006 06:00,101,N
6/10/2006 06:15,158,N
6/10/2006 06:30,234,N
6/10/2006 06:45,333,N
6/10/2006 07:00,344,N
6/10/2006 07:15,340,N
6/10/2006 07:30,327,N
6/10/2006 07:45,378,N
6/10/2006 08:00,350,N
6/10/2006 08:15,334,N
6/10/2006 08:30,354,N
6/10/2006 08:45,363,N
6/10/2006 09:00,379,N
6/10/2006 09:15,371,N
6/10/2006 09:30,269,N
6/10/2006 09:45,282,N
6/10/2006 10:00,214,N
6/10/2006 10:15,237,N
6/10/2006 10:30,270,N
6/10/2006 10:45,227,N
6/10/2006 11:00,215,N
6/10/2006 11:15,241,N
6/10/2006 11:30,223,N
6/10/2006 11:45,232,N
6/10/2006 12:00,234,N
6/10/2006 12:15,220,N
6/10/2006 12:30,190,N
6/10/2006 12:45,224,N
6/10/2006 13:00,200,N
6/10/2006 13:15,196,N
6/10/2006 13:30,207,N
6/10/2006 13:45,235,N
6/10/2006 14:00,197,N
6/10/2006 14:15,202,N
6/10/2006 14:30,200,N
6/10/2006 14:45,246,N
6/10/2006 15:00,234,N
6/10/2006 15:15,242,N
6/10/2006 15:30,219,N
6/10/2006 15:45,239,N
6/10/2006 16:00,222,N
6/10/2006 16:15,188,N
6/10/2006 16:30,236,N
6/10/2006 16:45,225,N
6/10/2006 17:00,214,N
6/10/2006 17:15,205,N
6/10/2006 17:30,213,N
6/10/2006 17:45,226,N
6/10/2006 18:00,256,N
6/10/2006 18:15,218,N
6/10/2006 18:30,228,N
6/10/2006 18:45,252,N
6/10/2006 19:00,238,N
6/10/2006 19:15,229,N
6/10/2006 19:30,181,N
6/10/2006 19:45,176,N
6/10/2006 20:00,191,N
6/10/2006 20:15,187,N
6/10/2006 20:30,116,N
6/10/2006 20:45,114,N
6/10/2006 21:00,105,N
6/10/2006 21:15,149,N
6/10/2006 21:30,129,N
6/10/2006 21:45,107,N
6/10/2006 22:00,122,N
6/10/2006 22:15,85,N
6/10/2006 22:30,93,N
6/10/2006 22:45,80,N
6/10/2006 23:00,89,N
6/10/2006 23:15,84,N
6/10/2006 23:30,68,N
6/10/2006 23:45,63,N
7/10/2006 00:00,65,N
7/10/2006 00:15,44,N
7/10/2006 00:30,44,N
7/10/2006 00:45,58,N
7/10/2006 01:00,36,N
7/10/2006 01:15,29,N
7/10/2006 01:30,25,N
7/10/2006 01:45,23,N
7/10/2006 02:00,21,N
7/10/2006 02:15,20,N
7/10/2006 02:30,18,N
7/10/2006 02:45,14,N
7/10/2006 03:00,12,N
7/10/2006 03:15,9,N
7/10/2006 03:30,14,N
7/10/2006 03:45,15,N
7/10/2006 04:00,19,N
7/10/2006 04:15,12,N
7/10/2006 04:30,17,N
7/10/2006 04:45,21,N
7/10/2006 05:00,9,N
7/10/2006 05:15,22,N
7/10/2006 05:30,21,N
7/10/2006 05:45,44,N
7/10/2006 06:00,40,N
7/10/2006 06:15,76,N
7/10/2006 06:30,81,N
7/10/2006 06:45,90,N
7/10/2006 07:00,103,N
7/10/2006 07:15,90,N
7/10/2006 07:30,112,N
7/10/2006 07:45,133,N
7/10/2006 08:00,120,N
7/10/2006 08:15,175,N
7/10/2006 08:30,176,N
7/10/2006 08:45,222,N
7/10/2006 09:00,208,N
7/10/2006 09:15,243,N
7/10/2006 09:30,248,N
7/10/2006 09:45,249,N
7/10/2006 10:00,263,N
7/10/2006 10:15,299,N
7/10/2006 10:30,245,N
7/10/2006 10:45,224,N
7/10/2006 11:00,252,N
7/10/2006 11:15,247,N
7/10/2006 11:30,254,N
7/10/2006 11:45,225,N
7/10/2006 12:00,245,N
7/10/2006 12:15,222,N
7/10/2006 12:30,275,N
7/10/2006 12:45,240,N
7/10/2006 13:00,224,N
7/10/2006 13:15,223,N
7/10/2006 13:30,241,N
7/10/2006 13:45,223,N
7/10/2006 14:00,247,N
7/10/2006 14:15,208,N
7/10/2006 14:30,232,N
7/10/2006 14:45,225,N
7/10/2006 15:00,185,N
7/10/2006 15:15,227,N
7/10/2006 15:30,160,N
7/10/2006 15:45,168,N
7/10/2006 16:00,218,N
7/10/2006 16:15,194,N
7/10/2006 16:30,177,N
7/10/2006 16:45,183,N
7/10/2006 17:00,213,N
7/10/2006 17:15,203,N
7/10/2006 17:30,219,N
7/10/2006 17:45,203,N
7/10/2006 18:00,208,N
7/10/2006 18:15,235,N
7/10/2006 18:30,268,N
7/10/2006 18:45,236,N
7/10/2006 19:00,219,N
7/10/2006 19:15,224,N
7/10/2006 19:30,191,N
7/10/2006 19:45,170,N
7/10/2006 20:00,162,N
7/10/2006 20:15,133,N
7/10/2006 20:30,124,N
7/10/2006 20:45,102,N
7/10/2006 21:00,124,N
7/10/2006 21:15,147,N
7/10/2006 21:30,150,N
7/10/2006 21:45,95,N
7/10/2006 22:00,108,N
7/10/2006 22:15,114,N
7/10/2006 22:30,113,N
7/10/2006 22:45,93,N
7/10/2006 23:00,85,N
7/10/2006 23:15,117,N
7/10/2006 23:30,110,N
7/10/2006 23:45,85,N
8/10/2006 00:00,70,N
8/10/2006 00:15,58,N
8/10/2006 00:30,77,N
8/10/2006 00:45,59,N
8/10/2006 01:00,39,N
8/10/2006 01:15,32,N
8/10/2006 01:30,33,N
8/10/2006 01:45,30,N
8/10/2006 02:00,25,N
8/10/2006 02:15,29,N
8/10/2006 02:30,19,N
8/10/2006 02:45,18,N
8/10/2006 03:00,24,N
8/10/2006 03:15,22,N
8/10/2006 03:30,21,N
8/10/2006 03:45,15,N
8/10/2006 04:00,14,N
8/10/2006 04:15,13,N
8/10/2006 04:30,13,N
8/10/2006 04:45,19,N
8/10/2006 05:00,13,N
8/10/2006 05:15,11,N
8/10/2006 05:30,15,N
8/10/2006 05:45,25,N
8/10/2006 06:00,33,N
8/10/2006 06:15,39,N
8/10/2006 06:30,60,N
8/10/2006 06:45,45,N
8/10/2006 07:00,37,N
8/10/2006 07:15,56,N
8/10/2006 07:30,44,N
8/10/2006 07:45,83,N
8/10/2006 08:00,72,N
8/10/2006 08:15,73,N
8/10/2006 08:30,90,N
8/10/2006 08:45,132,N
8/10/2006 09:00,115,N
8/10/2006 09:15,173,N
8/10/2006 09:30,171,N
8/10/2006 09:45,197,N
8/10/2006 10:00,204,N
8/10/2006 10:15,165,N
8/10/2006 10:30,213,N
8/10/2006 10:45,203,N
8/10/2006 11:00,149,N
8/10/2006 11:15,202,N
8/10/2006 11:30,216,N
8/10/2006 11:45,231,N
8/10/2006 12:00,213,N
8/10/2006 12:15,169,N
8/10/2006 12:30,250,N
8/10/2006 12:45,267,N
8/10/2006 13:00,209,N
8/10/2006 13:15,222,N
8/10/2006 13:30,221,N
8/10/2006 13:45,189,N
8/10/2006 14:00,200,N
8/10/2006 14:15,203,N
8/10/2006 14:30,196,N
8/10/2006 14:45,204,N
8/10/2006 15:00,227,N
8/10/2006 15:15,228,N
8/10/2006 15:30,199,N
8/10/2006 15:45,228,N
8/10/2006 16:00,201,N
8/10/2006 16:15,180,N
8/10/2006 16:30,187,N
8/10/2006 16:45,211,N
8/10/2006 17:00,195,N
8/10/2006 17:15,192,N
8/10/2006 17:30,182,N
8/10/2006 17:45,225,N
8/10/2006 18:00,196,N
8/10/2006 18:15,175,N
8/10/2006 18:30,162,N
8/10/2006 18:45,188,N
8/10/2006 19:00,140,N
8/10/2006 19:15,146,N
8/10/2006 19:30,110,N
8/10/2006 19:45,110,N
8/10/2006 20:00,104,N
8/10/2006 20:15,93,N
8/10/2006 20:30,102,N
8/10/2006 20:45,100,N
8/10/2006 21:00,88,N
8/10/2006 21:15,92,N
8/10/2006 21:30,80,N
8/10/2006 21:45,79,N
8/10/2006 22:00,64,N
8/10/2006 22:15,69,N
8/10/2006 22:30,51,N
8/10/2006 22:45,50,N
8/10/2006 23:00,50,N
8/10/2006 23:15,26,N
8/10/2006 23:30,26,N
8/10/2006 23:45,35,N
9/10/2006 00:00,23,N
9/10/2006 00:15,14,N
9/10/2006 00:30,15,N
9/10/2006 00:45,11,N
9/10/2006 01:00,7,N
9/10/2006 01:15,10,N
9/10/2006 01:30,4,N
9/10/2006 01:45,4,N
9/10/2006 02:00,2,N
9/10/2006 02:15,7,N
9/10/2006 02:30,8,N
9/10/2006 02:45,8,N
9/10/2006 03:00,15,N
9/10/2006 03:15,6,N
9/10/2006 03:30,11,N
9/10/2006 03:45,11,N
9/10/2006 04:00,11,N
9/10/2006 04:15,16,N
9/10/2006 04:30,21,N
9/10/2006 04:45,29,N
9/10/2006 05:00,21,N
9/10/2006 05:15,38,N
9/10/2006 05:30,53,N
9/10/2006 05:45,91,N
9/10/2006 06:00,99,N
9/10/2006 06:15,143,N
9/10/2006 06:30,221,N
9/10/2006 06:45,291,N
9/10/2006 07:00,341,N
9/10/2006 07:15,355,N
9/10/2006 07:30,356,N
9/10/2006 07:45,378,N
9/10/2006 08:00,358,N
9/10/2006 08:15,354,N
9/10/2006 08:30,373,N
9/10/2006 08:45,362,N
9/10/2006 09:00,347,N
9/10/2006 09:15,381,N
9/10/2006 09:30,293,N
9/10/2006 09:45,258,N
9/10/2006 10:00,240,N
9/10/2006 10:15,236,N
9/10/2006 10:30,241,N
9/10/2006 10:45,221,N
9/10/2006 11:00,206,N
9/10/2006 11:15,220,N
9/10/2006 11:30,196,N
9/10/2006 11:45,200,N
9/10/2006 12:00,236,N
9/10/2006 12:15,226,N
9/10/2006 12:30,206,N
9/10/2006 12:45,202,N
9/10/2006 13:00,203,N
9/10/2006 13:15,235,N
9/10/2006 13:30,219,N
9/10/2006 13:45,192,N
9/10/2006 14:00,194,N
9/10/2006 14:15,219,N
9/10/2006 14:30,198,N
9/10/2006 14:45,208,N
9/10/2006 15:00,216,N
9/10/2006 15:15,263,N
9/10/2006 15:30,225,N
9/10/2006 15:45,231,N
9/10/2006 16:00,214,N
9/10/2006 16:15,268,N
9/10/2006 16:30,227,N
9/10/2006 16:45,224,N
9/10/2006 17:00,256,N
9/10/2006 17:15,220,N
9/10/2006 17:30,249,N
9/10/2006 17:45,227,N
9/10/2006 18:00,269,N
9/10/2006 18:15,236,N
9/10/2006 18:30,237,N
9/10/2006 18:45,205,N
9/10/2006 19:00,202,N
9/10/2006 19:15,169,N
9/10/2006 19:30,145,N
9/10/2006 19:45,133,N
9/10/2006 20:00,125,N
9/10/2006 20:15,119,N
9/10/2006 20:30,88,N
9/10/2006 20:45,89,N
9/10/2006 21:00,87,N
9/10/2006 21:15,77,N
9/10/2006 21:30,64,N
9/10/2006 21:45,92,N
9/10/2006 22:00,70,N
9/10/2006 22:15,55,N
9/10/2006 22:30,62,N
9/10/2006 22:45,45,N
9/10/2006 23:00,50,N
9/10/2006 23:15,31,N
9/10/2006 23:30,30,N
9/10/2006 23:45,28,N
10/10/2006 00:00,16,N
10/10/2006 00:15,15,N
10/10/2006 00:30,17,N
10/10/2006 00:45,13,N
10/10/2006 01:00,8,N
10/10/2006 01:15,6,N
10/10/2006 01:30,9,N
10/10/2006 01:45,5,N
10/10/2006 02:00,8,N
10/10/2006 02:15,1,N
10/10/2006 02:30,14,N
10/10/2006 02:45,1,N
10/10/2006 03:00,7,N
10/10/2006 03:15,2,N
10/10/2006 03:30,10,N
10/10/2006 03:45,13,N
10/10/2006 04:00,7,N
10/10/2006 04:15,9,N
10/10/2006 04:30,24,N
10/10/2006 04:45,24,N
10/10/2006 05:00,37,N
10/10/2006 05:15,39,N
10/10/2006 05:30,48,N
10/10/2006 05:45,91,N
10/10/2006 06:00,86,N
10/10/2006 06:15,162,N
10/10/2006 06:30,232,N
10/10/2006 06:45,302,N
10/10/2006 07:00,403,N
10/10/2006 07:15,366,N
10/10/2006 07:30,355,N
10/10/2006 07:45,375,N
10/10/2006 08:00,374,N
10/10/2006 08:15,340,N
10/10/2006 08:30,347,N
10/10/2006 08:45,363,N
10/10/2006 09:00,380,N
10/10/2006 09:15,342,N
10/10/2006 09:30,250,N
10/10/2006 09:45,224,N
10/10/2006 10:00,287,N
10/10/2006 10:15,237,N
10/10/2006 10:30,223,N
10/10/2006 10:45,237,N
10/10/2006 11:00,224,N
10/10/2006 11:15,224,N
10/10/2006 11:30,216,N
10/10/2006 11:45,209,N
10/10/2006 12:00,237,N
10/10/2006 12:15,204,N
10/10/2006 12:30,181,N
10/10/2006 12:45,187,N
10/10/2006 13:00,196,N
10/10/2006 13:15,213,N
10/10/2006 13:30,240,N
10/10/2006 13:45,206,N
10/10/2006 14:00,227,N
10/10/2006 14:15,229,N
10/10/2006 14:30,218,N
10/10/2006 14:45,227,N
10/10/2006 15:00,225,N
10/10/2006 15:15,256,N
10/10/2006 15:30,220,N
10/10/2006 15:45,242,N
10/10/2006 16:00,224,N
10/10/2006 16:15,256,N
10/10/2006 16:30,242,N
10/10/2006 16:45,211,N
10/10/2006 17:00,234,N
10/10/2006 17:15,215,N
10/10/2006 17:30,229,N
10/10/2006 17:45,268,N
10/10/2006 18:00,226,N
10/10/2006 18:15,247,N
10/10/2006 18:30,236,N
10/10/2006 18:45,247,N
10/10/2006 19:00,209,N
10/10/2006 19:15,254,N
10/10/2006 19:30,177,N
10/10/2006 19:45,159,N
10/10/2006 20:00,141,N
10/10/2006 20:15,127,N
10/10/2006 20:30,111,N
10/10/2006 20:45,118,N
10/10/2006 21:00,124,N
10/10/2006 21:15,126,N
10/10/2006 21:30,101,N
10/10/2006 21:45,99,N
10/10/2006 22:00,112,N
10/10/2006 22:15,68,N
10/10/2006 22:30,76,N
10/10/2006 22:45,65,N
10/10/2006 23:00,45,N
10/10/2006 23:15,53,N
10/10/2006 23:30,38,N
10/10/2006 23:45,32,N
11/10/2006 00:00,32,N
11/10/2006 00:15,35,N
11/10/2006 00:30,19,N
11/10/2006 00:45,13,N
11/10/2006 01:00,11,N
11/10/2006 01:15,10,N
11/10/2006 01:30,12,N
11/10/2006 01:45,8,N
11/10/2006 02:00,6,N
11/10/2006 02:15,8,N
11/10/2006 02:30,4,N
11/10/2006 02:45,8,N
11/10/2006 03:00,4,N
11/10/2006 03:15,2,N
11/10/2006 03:30,12,N
11/10/2006 03:45,13,N
11/10/2006 04:00,9,N
11/10/2006 04:15,7,N
11/10/2006 04:30,22,N
11/10/2006 04:45,20,N
11/10/2006 05:00,23,N
11/10/2006 05:15,35,N
11/10/2006 05:30,50,N
11/10/2006 05:45,108,N
11/10/2006 06:00,112,N
11/10/2006 06:15,158,N
11/10/2006 06:30,229,N
11/10/2006 06:45,245,N
11/10/2006 07:00,392,N
11/10/2006 07:15,370,N
11/10/2006 07:30,360,N
11/10/2006 07:45,375,N
11/10/2006 08:00,370,N
11/10/2006 08:15,329,N
11/10/2006 08:30,380,N
11/10/2006 08:45,375,N
11/10/2006 09:00,346,N
11/10/2006 09:15,351,N
11/10/2006 09:30,256,N
11/10/2006 09:45,239,N
11/10/2006 10:00,302,N
11/10/2006 10:15,244,N
11/10/2006 10:30,223,N
11/10/2006 10:45,223,N
11/10/2006 11:00,200,N
11/10/2006 11:15,230,N
11/10/2006 11:30,199,N
11/10/2006 11:45,205,N
11/10/2006 12:00,220,N
11/10/2006 12:15,205,N
11/10/2006 12:30,227,N
11/10/2006 12:45,195,N
11/10/2006 13:00,217,N
11/10/2006 13:15,207,N
11/10/2006 13:30,211,N
11/10/2006 13:45,196,N
11/10/2006 14:00,209,N
11/10/2006 14:15,188,N
11/10/2006 14:30,236,N
11/10/2006 14:45,239,N
11/10/2006 15:00,211,N
11/10/2006 15:15,254,N
11/10/2006 15:30,208,N
11/10/2006 15:45,209,N
11/10/2006 16:00,208,N
11/10/2006 16:15,229,N
11/10/2006 16:30,225,N
11/10/2006 16:45,237,N
11/10/2006 17:00,149,N
11/10/2006 17:15,168,N
11/10/2006 17:30,244,N
11/10/2006 17:45,224,N
11/10/2006 18:00,233,N
11/10/2006 18:15,237,N
11/10/2006 18:30,223,N
11/10/2006 18:45,198,N
11/10/2006 19:00,200,N
11/10/2006 19:15,200,N
11/10/2006 19:30,168,N
11/10/2006 19:45,158,N
11/10/2006 20:00,139,N
11/10/2006 20:15,124,N
11/10/2006 20:30,118,N
11/10/2006 20:45,116,N
11/10/2006 21:00,112,N
11/10/2006 21:15,118,N
11/10/2006 21:30,107,N
11/10/2006 21:45,116,N
11/10/2006 22:00,99,N
11/10/2006 22:15,74,N
11/10/2006 22:30,82,N
11/10/2006 22:45,71,N
11/10/2006 23:00,57,N
11/10/2006 23:15,50,N
11/10/2006 23:30,50,N
11/10/2006 23:45,33,N
12/10/2006 00:00,30,N
12/10/2006 00:15,22,N
12/10/2006 00:30,22,N
12/10/2006 00:45,18,N
12/10/2006 01:00,12,N
12/10/2006 01:15,6,N
12/10/2006 01:30,18,N
12/10/2006 01:45,11,N
12/10/2006 02:00,9,N
12/10/2006 02:15,4,N
12/10/2006 02:30,9,N
12/10/2006 02:45,3,N
12/10/2006 03:00,10,N
12/10/2006 03:15,6,N
12/10/2006 03:30,9,N
12/10/2006 03:45,17,N
12/10/2006 04:00,13,N
12/10/2006 04:15,17,N
12/10/2006 04:30,22,N
12/10/2006 04:45,31,N
12/10/2006 05:00,29,N
12/10/2006 05:15,40,N
12/10/2006 05:30,72,N
12/10/2006 05:45,100,N
12/10/2006 06:00,114,N
12/10/2006 06:15,165,N
12/10/2006 06:30,236,N
12/10/2006 06:45,317,N
12/10/2006 07:00,363,N
12/10/2006 07:15,395,N
12/10/2006 07:30,362,N
12/10/2006 07:45,369,N
12/10/2006 08:00,361,N
12/10/2006 08:15,335,N
12/10/2006 08:30,327,N
12/10/2006 08:45,379,N
12/10/2006 09:00,375,N
12/10/2006 09:15,359,N
12/10/2006 09:30,321,N
12/10/2006 09:45,261,N
12/10/2006 10:00,282,N
12/10/2006 10:15,210,N
12/10/2006 10:30,235,N
12/10/2006 10:45,250,N
12/10/2006 11:00,208,N
12/10/2006 11:15,220,N
12/10/2006 11:30,235,N
12/10/2006 11:45,198,N
12/10/2006 12:00,197,N
12/10/2006 12:15,235,N
12/10/2006 12:30,225,N
12/10/2006 12:45,201,N
12/10/2006 13:00,204,N
12/10/2006 13:15,212,N
12/10/2006 13:30,186,N
12/10/2006 13:45,228,N
12/10/2006 14:00,203,N
12/10/2006 14:15,238,N
12/10/2006 14:30,200,N
12/10/2006 14:45,199,N
12/10/2006 15:00,246,N
12/10/2006 15:15,233,N
12/10/2006 15:30,222,N
12/10/2006 15:45,253,N
12/10/2006 16:00,195,N
12/10/2006 16:15,234,N
12/10/2006 16:30,234,N
12/10/2006 16:45,246,N
12/10/2006 17:00,222,N
12/10/2006 17:15,238,N
12/10/2006 17:30,219,N
12/10/2006 17:45,232,N
12/10/2006 18:00,240,N
12/10/2006 18:15,263,N
12/10/2006 18:30,201,N
12/10/2006 18:45,225,N
12/10/2006 19:00,210,N
12/10/2006 19:15,195,N
12/10/2006 19:30,165,N
12/10/2006 19:45,154,N
12/10/2006 20:00,149,N
12/10/2006 20:15,132,N
12/10/2006 20:30,124,N
12/10/2006 20:45,117,N
12/10/2006 21:00,134,N
12/10/2006 21:15,132,N
12/10/2006 21:30,109,N
12/10/2006 21:45,95,N
12/10/2006 22:00,99,N
12/10/2006 22:15,110,N
12/10/2006 22:30,85,N
12/10/2006 22:45,63,N
12/10/2006 23:00,50,N
12/10/2006 23:15,70,N
12/10/2006 23:30,46,N
12/10/2006 23:45,35,N
13/10/2006 00:00,38,N
13/10/2006 00:15,26,N
13/10/2006 00:30,30,N
13/10/2006 00:45,16,N
13/10/2006 01:00,12,N
13/10/2006 01:15,22,N
13/10/2006 01:30,12,N
13/10/2006 01:45,11,N
13/10/2006 02:00,10,N
13/10/2006 02:15,5,N
13/10/2006 02:30,9,N
13/10/2006 02:45,9,N
13/10/2006 03:00,5,N
13/10/2006 03:15,10,N
13/10/2006 03:30,13,N
13/10/2006 03:45,10,N
13/10/2006 04:00,9,N
13/10/2006 04:15,10,N
13/10/2006 04:30,25,N
13/10/2006 04:45,17,N
13/10/2006 05:00,23,N
13/10/2006 05:15,32,N
13/10/2006 05:30,58,N
13/10/2006 05:45,102,N
13/10/2006 06:00,102,N
13/10/2006 06:15,161,N
13/10/2006 06:30,232,N
13/10/2006 06:45,337,N
13/10/2006 07:00,383,N
13/10/2006 07:15,374,N
13/10/2006 07:30,354,N
13/10/2006 07:45,347,N
13/10/2006 08:00,356,N
13/10/2006 08:15,335,N
13/10/2006 08:30,369,N
13/10/2006 08:45,344,N
13/10/2006 09:00,378,N
13/10/2006 09:15,300,N
13/10/2006 09:30,278,N
13/10/2006 09:45,258,N
13/10/2006 10:00,240,N
13/10/2006 10:15,214,N
13/10/2006 10:30,259,N
13/10/2006 10:45,221,N
13/10/2006 11:00,196,N
13/10/2006 11:15,208,N
13/10/2006 11:30,230,N
13/10/2006 11:45,239,N
13/10/2006 12:00,240,N
13/10/2006 12:15,217,N
13/10/2006 12:30,217,N
13/10/2006 12:45,199,N
13/10/2006 13:00,189,N
13/10/2006 13:15,192,N
13/10/2006 13:30,256,N
13/10/2006 13:45,208,N
13/10/2006 14:00,221,N
13/10/2006 14:15,230,N
13/10/2006 14:30,205,N
13/10/2006 14:45,228,N
13/10/2006 15:00,229,N
13/10/2006 15:15,223,N
13/10/2006 15:30,251,N
13/10/2006 15:45,192,N
13/10/2006 16:00,206,N
13/10/2006 16:15,235,N
13/10/2006 16:30,262,N
13/10/2006 16:45,226,N
13/10/2006 17:00,189,N
13/10/2006 17:15,251,N
13/10/2006 17:30,265,N
13/10/2006 17:45,237,N
13/10/2006 18:00,208,N
13/10/2006 18:15,226,N
13/10/2006 18:30,233,N
13/10/2006 18:45,216,N
13/10/2006 19:00,241,N
13/10/2006 19:15,162,N
13/10/2006 19:30,194,N
13/10/2006 19:45,176,N
13/10/2006 20:00,165,N
13/10/2006 20:15,136,N
13/10/2006 20:30,139,N
13/10/2006 20:45,141,N
13/10/2006 21:00,139,N
13/10/2006 21:15,112,N
13/10/2006 21:30,93,N
13/10/2006 21:45,79,N
13/10/2006 22:00,112,N
13/10/2006 22:15,88,N
13/10/2006 22:30,105,N
13/10/2006 22:45,96,N
13/10/2006 23:00,109,N
13/10/2006 23:15,76,N
13/10/2006 23:30,86,N
13/10/2006 23:45,72,N
14/10/2006 00:00,67,N
14/10/2006 00:15,62,N
14/10/2006 00:30,46,N
14/10/2006 00:45,54,N
14/10/2006 01:00,38,N
14/10/2006 01:15,37,N
14/10/2006 01:30,38,N
14/10/2006 01:45,41,N
14/10/2006 02:00,35,N
14/10/2006 02:15,13,N
14/10/2006 02:30,19,N
14/10/2006 02:45,16,N
14/10/2006 03:00,21,N
14/10/2006 03:15,16,N
14/10/2006 03:30,18,N
14/10/2006 03:45,18,N
14/10/2006 04:00,17,N
14/10/2006 04:15,26,N
14/10/2006 04:30,22,N
14/10/2006 04:45,17,N
14/10/2006 05:00,13,N
14/10/2006 05:15,27,N
14/10/2006 05:30,29,N
14/10/2006 05:45,43,N
14/10/2006 06:00,34,N
14/10/2006 06:15,65,N
14/10/2006 06:30,76,N
14/10/2006 06:45,97,N
14/10/2006 07:00,79,N
14/10/2006 07:15,108,N
14/10/2006 07:30,128,N
14/10/2006 07:45,151,N
14/10/2006 08:00,135,N
14/10/2006 08:15,196,N
14/10/2006 08:30,202,N
14/10/2006 08:45,236,N
14/10/2006 09:00,244,N
14/10/2006 09:15,217,N
14/10/2006 09:30,227,N
14/10/2006 09:45,267,N
14/10/2006 10:00,218,N
14/10/2006 10:15,260,N
14/10/2006 10:30,210,N
14/10/2006 10:45,219,N
14/10/2006 11:00,252,N
14/10/2006 11:15,268,N
14/10/2006 11:30,263,N
14/10/2006 11:45,223,N
14/10/2006 12:00,279,N
14/10/2006 12:15,235,N
14/10/2006 12:30,281,N
14/10/2006 12:45,251,N
14/10/2006 13:00,252,N
14/10/2006 13:15,278,N
14/10/2006 13:30,196,N
14/10/2006 13:45,257,N
14/10/2006 14:00,241,N
14/10/2006 14:15,247,N
14/10/2006 14:30,224,N
14/10/2006 14:45,238,N
14/10/2006 15:00,234,N
14/10/2006 15:15,203,N
14/10/2006 15:30,206,N
14/10/2006 15:45,215,N
14/10/2006 16:00,201,N
14/10/2006 16:15,238,N
14/10/2006 16:30,230,N
14/10/2006 16:45,223,N
14/10/2006 17:00,222,N
14/10/2006 17:15,209,N
14/10/2006 17:30,227,N
14/10/2006 17:45,257,N
14/10/2006 18:00,198,N
14/10/2006 18:15,252,N
14/10/2006 18:30,250,N
14/10/2006 18:45,236,N
14/10/2006 19:00,216,N
14/10/2006 19:15,188,N
14/10/2006 19:30,227,N
14/10/2006 19:45,142,N
14/10/2006 20:00,134,N
14/10/2006 20:15,127,N
14/10/2006 20:30,132,N
14/10/2006 20:45,94,N
14/10/2006 21:00,117,N
14/10/2006 21:15,87,N
14/10/2006 21:30,95,N
14/10/2006 21:45,107,N
14/10/2006 22:00,90,N
14/10/2006 22:15,82,N
14/10/2006 22:30,82,N
14/10/2006 22:45,95,N
14/10/2006 23:00,86,N
14/10/2006 23:15,85,N
14/10/2006 23:30,86,N
14/10/2006 23:45,67,N
15/10/2006 00:00,70,N
15/10/2006 00:15,60,N
15/10/2006 00:30,57,N
15/10/2006 00:45,50,N
15/10/2006 01:00,37,N
15/10/2006 01:15,45,N
15/10/2006 01:30,40,N
15/10/2006 01:45,29,N
15/10/2006 02:00,30,N
15/10/2006 02:15,17,N
15/10/2006 02:30,21,N
15/10/2006 02:45,19,N
15/10/2006 03:00,17,N
15/10/2006 03:15,14,N
15/10/2006 03:30,15,N
15/10/2006 03:45,18,N
15/10/2006 04:00,24,N
15/10/2006 04:15,16,N
15/10/2006 04:30,25,N
15/10/2006 04:45,12,N
15/10/2006 05:00,21,N
15/10/2006 05:15,23,N
15/10/2006 05:30,19,N
15/10/2006 05:45,32,N
15/10/2006 06:00,35,N
15/10/2006 06:15,43,N
15/10/2006 06:30,41,N
15/10/2006 06:45,40,N
15/10/2006 07:00,45,N
15/10/2006 07:15,45,N
15/10/2006 07:30,65,N
15/10/2006 07:45,73,N
15/10/2006 08:00,76,N
15/10/2006 08:15,84,N
15/10/2006 08:30,101,N
15/10/2006 08:45,118,N
15/10/2006 09:00,124,N
15/10/2006 09:15,146,N
15/10/2006 09:30,159,N
15/10/2006 09:45,233,N
15/10/2006 10:00,196,N
15/10/2006 10:15,209,N
15/10/2006 10:30,181,N
15/10/2006 10:45,193,N
15/10/2006 11:00,190,N
15/10/2006 11:15,223,N
15/10/2006 11:30,193,N
15/10/2006 11:45,238,N
15/10/2006 12:00,200,N
15/10/2006 12:15,260,N
15/10/2006 12:30,230,N
15/10/2006 12:45,207,N
15/10/2006 13:00,191,N
15/10/2006 13:15,234,N
15/10/2006 13:30,187,N
15/10/2006 13:45,245,N
15/10/2006 14:00,174,N
15/10/2006 14:15,205,N
15/10/2006 14:30,210,N
15/10/2006 14:45,189,N
15/10/2006 15:00,212,N
15/10/2006 15:15,273,N
15/10/2006 15:30,339,N
15/10/2006 15:45,195,N
15/10/2006 16:00,245,N
15/10/2006 16:15,185,N
15/10/2006 16:30,192,N
15/10/2006 16:45,198,N
15/10/2006 17:00,207,N
15/10/2006 17:15,218,N
15/10/2006 17:30,204,N
15/10/2006 17:45,181,N
15/10/2006 18:00,211,N
15/10/2006 18:15,182,N
15/10/2006 18:30,170,N
15/10/2006 18:45,147,N
15/10/2006 19:00,129,N
15/10/2006 19:15,128,N
15/10/2006 19:30,114,N
15/10/2006 19:45,99,N
15/10/2006 20:00,104,N
15/10/2006 20:15,132,N
15/10/2006 20:30,82,N
15/10/2006 20:45,98,N
15/10/2006 21:00,83,N
15/10/2006 21:15,98,N
15/10/2006 21:30,81,N
15/10/2006 21:45,104,N
15/10/2006 22:00,76,N
15/10/2006 22:15,60,N
15/10/2006 22:30,46,N
15/10/2006 22:45,42,N
15/10/2006 23:00,49,N
15/10/2006 23:15,31,N
15/10/2006 23:30,33,N
15/10/2006 23:45,24,N
16/10/2006 00:00,23,N
16/10/2006 00:15,23,N
16/10/2006 00:30,16,N
16/10/2006 00:45,10,N
16/10/2006 01:00,10,N
16/10/2006 01:15,10,N
16/10/2006 01:30,12,N
16/10/2006 01:45,5,N
16/10/2006 02:00,6,N
16/10/2006 02:15,7,N
16/10/2006 02:30,7,N
16/10/2006 02:45,10,N
16/10/2006 03:00,11,N
16/10/2006 03:15,7,N
16/10/2006 03:30,9,N
16/10/2006 03:45,10,N
16/10/2006 04:00,8,N
16/10/2006 04:15,11,N
16/10/2006 04:30,17,N
16/10/2006 04:45,24,N
16/10/2006 05:00,26,N
16/10/2006 05:15,37,N
16/10/2006 05:30,57,N
16/10/2006 05:45,98,N
16/10/2006 06:00,95,N
16/10/2006 06:15,150,N
16/10/2006 06:30,225,N
16/10/2006 06:45,300,N
16/10/2006 07:00,336,N
16/10/2006 07:15,370,N
16/10/2006 07:30,363,N
16/10/2006 07:45,365,N
16/10/2006 08:00,370,N
16/10/2006 08:15,342,N
16/10/2006 08:30,341,N
16/10/2006 08:45,363,N
16/10/2006 09:00,389,N
16/10/2006 09:15,376,N
16/10/2006 09:30,285,N
16/10/2006 09:45,251,N
16/10/2006 10:00,232,N
16/10/2006 10:15,210,N
16/10/2006 10:30,192,N
16/10/2006 10:45,237,N
16/10/2006 11:00,215,N
16/10/2006 11:15,198,N
16/10/2006 11:30,208,N
16/10/2006 11:45,206,N
16/10/2006 12:00,229,N
16/10/2006 12:15,212,N
16/10/2006 12:30,186,N
16/10/2006 12:45,190,N
16/10/2006 13:00,192,N
16/10/2006 13:15,207,N
16/10/2006 13:30,216,N
16/10/2006 13:45,205,N
16/10/2006 14:00,203,N
16/10/2006 14:15,229,N
16/10/2006 14:30,209,N
16/10/2006 14:45,226,N
16/10/2006 15:00,228,N
16/10/2006 15:15,283,N
16/10/2006 15:30,255,N
16/10/2006 15:45,288,N
16/10/2006 16:00,274,N
16/10/2006 16:15,246,N
16/10/2006 16:30,268,N
16/10/2006 16:45,257,N
16/10/2006 17:00,223,N
16/10/2006 17:15,272,N
16/10/2006 17:30,274,N
16/10/2006 17:45,218,N
16/10/2006 18:00,208,N
16/10/2006 18:15,268,N
16/10/2006 18:30,164,N
16/10/2006 18:45,174,N
16/10/2006 19:00,185,N
16/10/2006 19:15,200,N
16/10/2006 19:30,146,N
16/10/2006 19:45,170,N
16/10/2006 20:00,123,N
16/10/2006 20:15,104,N
16/10/2006 20:30,112,N
16/10/2006 20:45,110,N
16/10/2006 21:00,99,N
16/10/2006 21:15,70,N
16/10/2006 21:30,95,N
16/10/2006 21:45,77,N
16/10/2006 22:00,103,N
16/10/2006 22:15,69,N
16/10/2006 22:30,50,N
16/10/2006 22:45,60,N
16/10/2006 23:00,29,N
16/10/2006 23:15,35,N
16/10/2006 23:30,30,N
16/10/2006 23:45,30,N
17/10/2006 00:00,21,N
17/10/2006 00:15,19,N
17/10/2006 00:30,23,N
17/10/2006 00:45,7,N
17/10/2006 01:00,17,N
17/10/2006 01:15,11,N
17/10/2006 01:30,5,N
17/10/2006 01:45,4,N
17/10/2006 02:00,4,N
17/10/2006 02:15,6,N
17/10/2006 02:30,5,N
17/10/2006 02:45,6,N
17/10/2006 03:00,4,N
17/10/2006 03:15,6,N
17/10/2006 03:30,9,N
17/10/2006 03:45,11,N
17/10/2006 04:00,4,N
17/10/2006 04:15,12,N
17/10/2006 04:30,19,N
17/10/2006 04:45,27,N
17/10/2006 05:00,39,N
17/10/2006 05:15,44,N
17/10/2006 05:30,66,N
17/10/2006 05:45,95,N
17/10/2006 06:00,100,N
17/10/2006 06:15,172,N
17/10/2006 06:30,254,N
17/10/2006 06:45,295,N
17/10/2006 07:00,404,N
17/10/2006 07:15,377,N
17/10/2006 07:30,365,N
17/10/2006 07:45,349,N
17/10/2006 08:00,356,N
17/10/2006 08:15,358,N
17/10/2006 08:30,357,N
17/10/2006 08:45,352,N
17/10/2006 09:00,398,N
17/10/2006 09:15,352,N
17/10/2006 09:30,318,N
17/10/2006 09:45,288,N
17/10/2006 10:00,231,N
17/10/2006 10:15,232,N
17/10/2006 10:30,220,N
17/10/2006 10:45,238,N
17/10/2006 11:00,206,N
17/10/2006 11:15,225,N
17/10/2006 11:30,225,N
17/10/2006 11:45,220,N
17/10/2006 12:00,180,N
17/10/2006 12:15,235,N
17/10/2006 12:30,193,N
17/10/2006 12:45,223,N
17/10/2006 13:00,187,N
17/10/2006 13:15,225,N
17/10/2006 13:30,236,N
17/10/2006 13:45,224,N
17/10/2006 14:00,192,N
17/10/2006 14:15,182,N
17/10/2006 14:30,222,N
17/10/2006 14:45,251,N
17/10/2006 15:00,257,N
17/10/2006 15:15,254,N
17/10/2006 15:30,216,N
17/10/2006 15:45,250,N
17/10/2006 16:00,214,N
17/10/2006 16:15,209,N
17/10/2006 16:30,243,N
17/10/2006 16:45,206,N
17/10/2006 17:00,226,N
17/10/2006 17:15,210,N
17/10/2006 17:30,223,N
17/10/2006 17:45,251,N
17/10/2006 18:00,206,N
17/10/2006 18:15,227,N
17/10/2006 18:30,207,N
17/10/2006 18:45,221,N
17/10/2006 19:00,200,N
17/10/2006 19:15,202,N
17/10/2006 19:30,178,N
17/10/2006 19:45,177,N
17/10/2006 20:00,129,N
17/10/2006 20:15,141,N
17/10/2006 20:30,114,N
17/10/2006 20:45,106,N
17/10/2006 21:00,129,N
17/10/2006 21:15,122,N
17/10/2006 21:30,130,N
17/10/2006 21:45,188,N
17/10/2006 22:00,92,N
17/10/2006 22:15,65,N
17/10/2006 22:30,59,N
17/10/2006 22:45,74,N
17/10/2006 23:00,48,N
17/10/2006 23:15,55,N
17/10/2006 23:30,43,N
17/10/2006 23:45,44,N
18/10/2006 00:00,43,N
18/10/2006 00:15,26,N
18/10/2006 00:30,14,N
18/10/2006 00:45,14,N
18/10/2006 01:00,13,N
18/10/2006 01:15,16,N
18/10/2006 01:30,10,N
18/10/2006 01:45,8,N
18/10/2006 02:00,9,N
18/10/2006 02:15,7,N
18/10/2006 02:30,7,N
18/10/2006 02:45,3,N
18/10/2006 03:00,10,N
18/10/2006 03:15,7,N
18/10/2006 03:30,11,N
18/10/2006 03:45,11,N
18/10/2006 04:00,9,N
18/10/2006 04:15,18,N
18/10/2006 04:30,21,N
18/10/2006 04:45,31,N
18/10/2006 05:00,32,N
18/10/2006 05:15,54,N
18/10/2006 05:30,71,N
18/10/2006 05:45,117,N
18/10/2006 06:00,133,N
18/10/2006 06:15,177,N
18/10/2006 06:30,274,N
18/10/2006 06:45,332,N
18/10/2006 07:00,373,N
18/10/2006 07:15,372,N
18/10/2006 07:30,380,N
18/10/2006 07:45,346,N
18/10/2006 08:00,369,N
18/10/2006 08:15,363,N
18/10/2006 08:30,391,N
18/10/2006 08:45,355,N
18/10/2006 09:00,413,N
18/10/2006 09:15,386,N
18/10/2006 09:30,285,N
18/10/2006 09:45,284,N
18/10/2006 10:00,206,N
18/10/2006 10:15,263,N
18/10/2006 10:30,231,N
18/10/2006 10:45,237,N
18/10/2006 11:00,213,N
18/10/2006 11:15,228,N
18/10/2006 11:30,227,N
18/10/2006 11:45,197,N
18/10/2006 12:00,223,N
18/10/2006 12:15,198,N
18/10/2006 12:30,221,N
18/10/2006 12:45,225,N
18/10/2006 13:00,231,N
18/10/2006 13:15,209,N
18/10/2006 13:30,215,N
18/10/2006 13:45,203,N
18/10/2006 14:00,190,N
18/10/2006 14:15,209,N
18/10/2006 14:30,214,N
18/10/2006 14:45,225,N
18/10/2006 15:00,238,N
18/10/2006 15:15,213,N
18/10/2006 15:30,232,N
18/10/2006 15:45,213,N
18/10/2006 16:00,214,N
18/10/2006 16:15,236,N
18/10/2006 16:30,194,N
18/10/2006 16:45,227,N
18/10/2006 17:00,229,N
18/10/2006 17:15,225,N
18/10/2006 17:30,253,N
18/10/2006 17:45,264,N
18/10/2006 18:00,221,N
18/10/2006 18:15,203,N
18/10/2006 18:30,191,N
18/10/2006 18:45,251,N
18/10/2006 19:00,224,N
18/10/2006 19:15,230,N
18/10/2006 19:30,142,N
18/10/2006 19:45,144,N
18/10/2006 20:00,144,N
18/10/2006 20:15,137,N
18/10/2006 20:30,120,N
18/10/2006 20:45,107,N
18/10/2006 21:00,91,N
18/10/2006 21:15,102,N
18/10/2006 21:30,102,N
18/10/2006 21:45,143,N
18/10/2006 22:00,115,N
18/10/2006 22:15,87,N
18/10/2006 22:30,92,N
18/10/2006 22:45,98,N
18/10/2006 23:00,72,N
18/10/2006 23:15,65,N
18/10/2006 23:30,72,N
18/10/2006 23:45,50,N
19/10/2006 00:00,33,N
19/10/2006 00:15,15,N
19/10/2006 00:30,28,N
19/10/2006 00:45,20,N
19/10/2006 01:00,12,N
19/10/2006 01:15,14,N
19/10/2006 01:30,11,N
19/10/2006 01:45,20,N
19/10/2006 02:00,9,N
19/10/2006 02:15,4,N
19/10/2006 02:30,12,N
19/10/2006 02:45,15,N
19/10/2006 03:00,12,N
19/10/2006 03:15,5,N
19/10/2006 03:30,6,N
19/10/2006 03:45,10,N
19/10/2006 04:00,4,N
19/10/2006 04:15,11,N
19/10/2006 04:30,12,N
19/10/2006 04:45,33,N
19/10/2006 05:00,40,N
19/10/2006 05:15,53,N
19/10/2006 05:30,69,N
19/10/2006 05:45,98,N
19/10/2006 06:00,103,N
19/10/2006 06:15,152,N
19/10/2006 06:30,270,N
19/10/2006 06:45,327,N
19/10/2006 07:00,357,N
19/10/2006 07:15,371,N
19/10/2006 07:30,364,N
19/10/2006 07:45,354,N
19/10/2006 08:00,339,N
19/10/2006 08:15,355,N
19/10/2006 08:30,370,N
19/10/2006 08:45,357,N
19/10/2006 09:00,369,N
19/10/2006 09:15,354,N
19/10/2006 09:30,242,N
19/10/2006 09:45,255,N
19/10/2006 10:00,301,N
19/10/2006 10:15,232,N
19/10/2006 10:30,241,N
19/10/2006 10:45,250,N
19/10/2006 11:00,215,N
19/10/2006 11:15,215,N
19/10/2006 11:30,212,N
19/10/2006 11:45,248,N
19/10/2006 12:00,219,N
19/10/2006 12:15,243,N
19/10/2006 12:30,212,N
19/10/2006 12:45,190,N
19/10/2006 13:00,239,N
19/10/2006 13:15,210,N
19/10/2006 13:30,235,N
19/10/2006 13:45,193,N
19/10/2006 14:00,200,N
19/10/2006 14:15,206,N
19/10/2006 14:30,240,N
19/10/2006 14:45,241,N
19/10/2006 15:00,222,N
19/10/2006 15:15,235,N
19/10/2006 15:30,244,N
19/10/2006 15:45,201,N
19/10/2006 16:00,263,N
19/10/2006 16:15,224,N
19/10/2006 16:30,237,N
19/10/2006 16:45,248,N
19/10/2006 17:00,259,N
19/10/2006 17:15,236,N
19/10/2006 17:30,225,N
19/10/2006 17:45,265,N
19/10/2006 18:00,206,N
19/10/2006 18:15,235,N
19/10/2006 18:30,256,N
19/10/2006 18:45,230,N
19/10/2006 19:00,233,N
19/10/2006 19:15,224,N
19/10/2006 19:30,219,N
19/10/2006 19:45,195,N
19/10/2006 20:00,143,N
19/10/2006 20:15,102,N
19/10/2006 20:30,133,N
19/10/2006 20:45,126,N
19/10/2006 21:00,124,N
19/10/2006 21:15,146,N
19/10/2006 21:30,108,N
19/10/2006 21:45,121,N
19/10/2006 22:00,94,N
19/10/2006 22:15,77,N
19/10/2006 22:30,100,N
19/10/2006 22:45,76,N
19/10/2006 23:00,63,N
19/10/2006 23:15,60,N
19/10/2006 23:30,46,N
19/10/2006 23:45,39,N
20/10/2006 00:00,49,N
20/10/2006 00:15,28,N
20/10/2006 00:30,23,N
20/10/2006 00:45,17,N
20/10/2006 01:00,14,N
20/10/2006 01:15,17,N
20/10/2006 01:30,8,N
20/10/2006 01:45,11,N
20/10/2006 02:00,9,N
20/10/2006 02:15,6,N
20/10/2006 02:30,13,N
20/10/2006 02:45,15,N
20/10/2006 03:00,12,N
20/10/2006 03:15,10,N
20/10/2006 03:30,8,N
20/10/2006 03:45,17,N
20/10/2006 04:00,18,N
20/10/2006 04:15,15,N
20/10/2006 04:30,22,N
20/10/2006 04:45,23,N
20/10/2006 05:00,22,N
20/10/2006 05:15,42,N
20/10/2006 05:30,75,N
20/10/2006 05:45,105,N
20/10/2006 06:00,95,N
20/10/2006 06:15,154,N
20/10/2006 06:30,285,N
20/10/2006 06:45,269,N
20/10/2006 07:00,383,N
20/10/2006 07:15,359,N
20/10/2006 07:30,340,N
20/10/2006 07:45,383,N
20/10/2006 08:00,333,N
20/10/2006 08:15,370,N
20/10/2006 08:30,357,N
20/10/2006 08:45,349,N
20/10/2006 09:00,355,N
20/10/2006 09:15,372,N
20/10/2006 09:30,286,N
20/10/2006 09:45,276,N
20/10/2006 10:00,269,N
20/10/2006 10:15,246,N
20/10/2006 10:30,206,N
20/10/2006 10:45,243,N
20/10/2006 11:00,224,N
20/10/2006 11:15,229,N
20/10/2006 11:30,215,N
20/10/2006 11:45,266,N
20/10/2006 12:00,224,N
20/10/2006 12:15,237,N
20/10/2006 12:30,227,N
20/10/2006 12:45,241,N
20/10/2006 13:00,204,N
20/10/2006 13:15,225,N
20/10/2006 13:30,250,N
20/10/2006 13:45,222,N
20/10/2006 14:00,239,N
20/10/2006 14:15,243,N
20/10/2006 14:30,202,N
20/10/2006 14:45,221,N
20/10/2006 15:00,218,N
20/10/2006 15:15,220,N
20/10/2006 15:30,233,N
20/10/2006 15:45,233,N
20/10/2006 16:00,252,N
20/10/2006 16:15,231,N
20/10/2006 16:30,234,N
20/10/2006 16:45,215,N
20/10/2006 17:00,222,N
20/10/2006 17:15,245,N
20/10/2006 17:30,226,N
20/10/2006 17:45,249,N
20/10/2006 18:00,244,N
20/10/2006 18:15,237,N
20/10/2006 18:30,195,N
20/10/2006 18:45,215,N
20/10/2006 19:00,197,N
20/10/2006 19:15,177,N
20/10/2006 19:30,213,N
20/10/2006 19:45,158,N
20/10/2006 20:00,129,N
20/10/2006 20:15,148,N
20/10/2006 20:30,124,N
20/10/2006 20:45,124,N
20/10/2006 21:00,95,N
20/10/2006 21:15,105,N
20/10/2006 21:30,80,N
20/10/2006 21:45,90,N
20/10/2006 22:00,86,N
20/10/2006 22:15,80,N
20/10/2006 22:30,86,N
20/10/2006 22:45,117,N
20/10/2006 23:00,84,N
20/10/2006 23:15,88,N
20/10/2006 23:30,63,N
20/10/2006 23:45,61,N
21/10/2006 00:00,60,N
21/10/2006 00:15,51,N
21/10/2006 00:30,40,N
21/10/2006 00:45,41,N
21/10/2006 01:00,29,N
21/10/2006 01:15,21,N
21/10/2006 01:30,26,N
21/10/2006 01:45,23,N
21/10/2006 02:00,19,N
21/10/2006 02:15,18,N
21/10/2006 02:30,15,N
21/10/2006 02:45,10,N
21/10/2006 03:00,13,N
21/10/2006 03:15,16,N
21/10/2006 03:30,10,N
21/10/2006 03:45,13,N
21/10/2006 04:00,13,N
21/10/2006 04:15,16,N
21/10/2006 04:30,22,N
21/10/2006 04:45,17,N
21/10/2006 05:00,15,N
21/10/2006 05:15,16,N
21/10/2006 05:30,29,N
21/10/2006 05:45,40,N
21/10/2006 06:00,46,N
21/10/2006 06:15,66,N
21/10/2006 06:30,101,N
21/10/2006 06:45,109,N
21/10/2006 07:00,77,N
21/10/2006 07:15,104,N
21/10/2006 07:30,126,N
21/10/2006 07:45,141,N
21/10/2006 08:00,158,N
21/10/2006 08:15,187,N
21/10/2006 08:30,194,N
21/10/2006 08:45,241,N
21/10/2006 09:00,209,N
21/10/2006 09:15,253,N
21/10/2006 09:30,260,N
21/10/2006 09:45,287,N
21/10/2006 10:00,252,N
21/10/2006 10:15,238,N
21/10/2006 10:30,227,N
21/10/2006 10:45,270,N
21/10/2006 11:00,242,N
21/10/2006 11:15,233,N
21/10/2006 11:30,235,N
21/10/2006 11:45,244,N
21/10/2006 12:00,246,N
21/10/2006 12:15,263,N
21/10/2006 12:30,250,N
21/10/2006 12:45,249,N
21/10/2006 13:00,257,N
21/10/2006 13:15,258,N
21/10/2006 13:30,229,N
21/10/2006 13:45,230,N
21/10/2006 14:00,252,N
21/10/2006 14:15,243,N
21/10/2006 14:30,196,N
21/10/2006 14:45,219,N
21/10/2006 15:00,208,N
21/10/2006 15:15,212,N
21/10/2006 15:30,210,N
21/10/2006 15:45,202,N
21/10/2006 16:00,207,N
21/10/2006 16:15,230,N
21/10/2006 16:30,182,N
21/10/2006 16:45,227,N
21/10/2006 17:00,214,N
21/10/2006 17:15,221,N
21/10/2006 17:30,225,N
21/10/2006 17:45,233,N
21/10/2006 18:00,208,N
21/10/2006 18:15,213,N
21/10/2006 18:30,239,N
21/10/2006 18:45,206,N
21/10/2006 19:00,199,N
21/10/2006 19:15,230,N
21/10/2006 19:30,179,N
21/10/2006 19:45,171,N
21/10/2006 20:00,154,N
21/10/2006 20:15,126,N
21/10/2006 20:30,119,N
21/10/2006 20:45,107,N
21/10/2006 21:00,77,N
21/10/2006 21:15,89,N
21/10/2006 21:30,87,N
21/10/2006 21:45,91,N
21/10/2006 22:00,88,N
21/10/2006 22:15,85,N
21/10/2006 22:30,82,N
21/10/2006 22:45,87,N
21/10/2006 23:00,87,N
21/10/2006 23:15,97,N
21/10/2006 23:30,100,N
21/10/2006 23:45,85,N
22/10/2006 00:00,84,N
22/10/2006 00:15,59,N
22/10/2006 00:30,79,N
22/10/2006 00:45,66,N
22/10/2006 01:00,56,N
22/10/2006 01:15,35,N
22/10/2006 01:30,37,N
22/10/2006 01:45,35,N
22/10/2006 02:00,38,N
22/10/2006 02:15,19,N
22/10/2006 02:30,25,N
22/10/2006 02:45,21,N
22/10/2006 03:00,16,N
22/10/2006 03:15,29,N
22/10/2006 03:30,10,N
22/10/2006 03:45,18,N
22/10/2006 04:00,12,N
22/10/2006 04:15,12,N
22/10/2006 04:30,25,N
22/10/2006 04:45,11,N
22/10/2006 05:00,13,N
22/10/2006 05:15,26,N
22/10/2006 05:30,19,N
22/10/2006 05:45,23,N
22/10/2006 06:00,26,N
22/10/2006 06:15,34,N
22/10/2006 06:30,44,N
22/10/2006 06:45,54,N
22/10/2006 07:00,49,N
22/10/2006 07:15,56,N
22/10/2006 07:30,54,N
22/10/2006 07:45,70,N
22/10/2006 08:00,63,N
22/10/2006 08:15,84,N
22/10/2006 08:30,105,N
22/10/2006 08:45,136,N
22/10/2006 09:00,130,N
22/10/2006 09:15,153,N
22/10/2006 09:30,169,N
22/10/2006 09:45,200,N
22/10/2006 10:00,176,N
22/10/2006 10:15,175,N
22/10/2006 10:30,205,N
22/10/2006 10:45,227,N
22/10/2006 11:00,170,N
22/10/2006 11:15,200,N
22/10/2006 11:30,190,N
22/10/2006 11:45,224,N
22/10/2006 12:00,212,N
22/10/2006 12:15,225,N
22/10/2006 12:30,233,N
22/10/2006 12:45,202,N
22/10/2006 13:00,212,N
22/10/2006 13:15,209,N
22/10/2006 13:30,228,N
22/10/2006 13:45,208,N
22/10/2006 14:00,199,N
22/10/2006 14:15,202,N
22/10/2006 14:30,200,N
22/10/2006 14:45,189,N
22/10/2006 15:00,182,N
22/10/2006 15:15,203,N
22/10/2006 15:30,201,N
22/10/2006 15:45,224,N
22/10/2006 16:00,211,N
22/10/2006 16:15,216,N
22/10/2006 16:30,206,N
22/10/2006 16:45,201,N
22/10/2006 17:00,220,N
22/10/2006 17:15,209,N
22/10/2006 17:30,186,N
22/10/2006 17:45,183,N
22/10/2006 18:00,229,N
22/10/2006 18:15,189,N
22/10/2006 18:30,196,N
22/10/2006 18:45,159,N
22/10/2006 19:00,148,N
22/10/2006 19:15,127,N
22/10/2006 19:30,113,N
22/10/2006 19:45,118,N
22/10/2006 20:00,93,N
22/10/2006 20:15,96,N
22/10/2006 20:30,91,N
22/10/2006 20:45,107,N
22/10/2006 21:00,111,N
22/10/2006 21:15,106,N
22/10/2006 21:30,78,N
22/10/2006 21:45,82,N
22/10/2006 22:00,77,N
22/10/2006 22:15,88,N
22/10/2006 22:30,55,N
22/10/2006 22:45,44,N
22/10/2006 23:00,37,N
22/10/2006 23:15,46,N
22/10/2006 23:30,24,N
22/10/2006 23:45,19,N
23/10/2006 00:00,17,N
23/10/2006 00:15,27,N
23/10/2006 00:30,10,N
23/10/2006 00:45,16,N
23/10/2006 01:00,6,N
23/10/2006 01:15,13,N
23/10/2006 01:30,11,N
23/10/2006 01:45,7,N
23/10/2006 02:00,8,N
23/10/2006 02:15,8,N
23/10/2006 02:30,5,N
23/10/2006 02:45,5,N
23/10/2006 03:00,8,N
23/10/2006 03:15,13,N
23/10/2006 03:30,8,N
23/10/2006 03:45,9,N
23/10/2006 04:00,13,N
23/10/2006 04:15,16,N
23/10/2006 04:30,14,N
23/10/2006 04:45,21,N
23/10/2006 05:00,26,N
23/10/2006 05:15,36,N
23/10/2006 05:30,66,N
23/10/2006 05:45,86,N
23/10/2006 06:00,101,N
23/10/2006 06:15,161,N
23/10/2006 06:30,200,N
23/10/2006 06:45,272,N
23/10/2006 07:00,360,N
23/10/2006 07:15,387,N
23/10/2006 07:30,368,N
23/10/2006 07:45,350,N
23/10/2006 08:00,343,N
23/10/2006 08:15,330,N
23/10/2006 08:30,334,N
23/10/2006 08:45,359,N
23/10/2006 09:00,380,N
23/10/2006 09:15,387,N
23/10/2006 09:30,297,N
23/10/2006 09:45,256,N
23/10/2006 10:00,249,N
23/10/2006 10:15,232,N
23/10/2006 10:30,249,N
23/10/2006 10:45,213,N
23/10/2006 11:00,206,N
23/10/2006 11:15,211,N
23/10/2006 11:30,188,N
23/10/2006 11:45,209,N
23/10/2006 12:00,207,N
23/10/2006 12:15,207,N
23/10/2006 12:30,192,N
23/10/2006 12:45,193,N
23/10/2006 13:00,207,N
23/10/2006 13:15,196,N
23/10/2006 13:30,204,N
23/10/2006 13:45,222,N
23/10/2006 14:00,209,N
23/10/2006 14:15,215,N
23/10/2006 14:30,223,N
23/10/2006 14:45,230,N
23/10/2006 15:00,216,N
23/10/2006 15:15,242,N
23/10/2006 15:30,206,N
23/10/2006 15:45,233,N
23/10/2006 16:00,222,N
23/10/2006 16:15,210,N
23/10/2006 16:30,259,N
23/10/2006 16:45,197,N
23/10/2006 17:00,231,N
23/10/2006 17:15,234,N
23/10/2006 17:30,246,N
23/10/2006 17:45,251,N
23/10/2006 18:00,212,N
23/10/2006 18:15,222,N
23/10/2006 18:30,221,N
23/10/2006 18:45,199,N
23/10/2006 19:00,185,N
23/10/2006 19:15,194,N
23/10/2006 19:30,125,N
23/10/2006 19:45,138,N
23/10/2006 20:00,130,N
23/10/2006 20:15,142,N
23/10/2006 20:30,83,N
23/10/2006 20:45,93,N
23/10/2006 21:00,111,N
23/10/2006 21:15,93,N
23/10/2006 21:30,86,N
23/10/2006 21:45,68,N
23/10/2006 22:00,77,N
23/10/2006 22:15,60,N
23/10/2006 22:30,71,N
23/10/2006 22:45,53,N
23/10/2006 23:00,56,N
23/10/2006 23:15,38,N
23/10/2006 23:30,27,N
23/10/2006 23:45,75,N
24/10/2006 00:00,68,N
24/10/2006 00:15,34,N
24/10/2006 00:30,26,N
24/10/2006 00:45,14,N
24/10/2006 01:00,27,N
24/10/2006 01:15,18,N
24/10/2006 01:30,14,N
24/10/2006 01:45,6,N
24/10/2006 02:00,10,N
24/10/2006 02:15,5,N
24/10/2006 02:30,8,N
24/10/2006 02:45,8,N
24/10/2006 03:00,6,N
24/10/2006 03:15,4,N
24/10/2006 03:30,5,N
24/10/2006 03:45,8,N
24/10/2006 04:00,10,N
24/10/2006 04:15,15,N
24/10/2006 04:30,18,N
24/10/2006 04:45,27,N
24/10/2006 05:00,33,N
24/10/2006 05:15,46,N
24/10/2006 05:30,50,N
24/10/2006 05:45,96,N
24/10/2006 06:00,104,N
24/10/2006 06:15,174,N
24/10/2006 06:30,240,N
24/10/2006 06:45,323,N
24/10/2006 07:00,360,N
24/10/2006 07:15,361,N
24/10/2006 07:30,334,N
24/10/2006 07:45,340,N
24/10/2006 08:00,367,N
24/10/2006 08:15,343,N
24/10/2006 08:30,347,N
24/10/2006 08:45,361,N
24/10/2006 09:00,344,N
24/10/2006 09:15,358,N
24/10/2006 09:30,264,N
24/10/2006 09:45,269,N
24/10/2006 10:00,265,N
24/10/2006 10:15,250,N
24/10/2006 10:30,219,N
24/10/2006 10:45,244,N
24/10/2006 11:00,214,N
24/10/2006 11:15,204,N
24/10/2006 11:30,221,N
24/10/2006 11:45,213,N
24/10/2006 12:00,207,N
24/10/2006 12:15,223,N
24/10/2006 12:30,200,N
24/10/2006 12:45,247,N
24/10/2006 13:00,192,N
24/10/2006 13:15,200,N
24/10/2006 13:30,226,N
24/10/2006 13:45,189,N
24/10/2006 14:00,228,N
24/10/2006 14:15,203,N
24/10/2006 14:30,233,N
24/10/2006 14:45,212,N
24/10/2006 15:00,235,N
24/10/2006 15:15,241,N
24/10/2006 15:30,204,N
24/10/2006 15:45,223,N
24/10/2006 16:00,221,N
24/10/2006 16:15,200,N
24/10/2006 16:30,231,N
24/10/2006 16:45,241,N
24/10/2006 17:00,209,N
24/10/2006 17:15,230,N
24/10/2006 17:30,250,N
24/10/2006 17:45,261,N
24/10/2006 18:00,257,N
24/10/2006 18:15,206,N
24/10/2006 18:30,241,N
24/10/2006 18:45,223,N
24/10/2006 19:00,202,N
24/10/2006 19:15,227,N
24/10/2006 19:30,185,N
24/10/2006 19:45,134,N
24/10/2006 20:00,103,N
24/10/2006 20:15,134,N
24/10/2006 20:30,120,N
24/10/2006 20:45,117,N
24/10/2006 21:00,106,N
24/10/2006 21:15,120,N
24/10/2006 21:30,110,N
24/10/2006 21:45,84,N
24/10/2006 22:00,117,N
24/10/2006 22:15,91,N
24/10/2006 22:30,62,N
24/10/2006 22:45,54,N
24/10/2006 23:00,50,N
24/10/2006 23:15,51,N
24/10/2006 23:30,45,N
24/10/2006 23:45,30,N
25/10/2006 00:00,24,N
25/10/2006 00:15,24,N
25/10/2006 00:30,20,N
25/10/2006 00:45,13,N
25/10/2006 01:00,5,N
25/10/2006 01:15,9,N
25/10/2006 01:30,10,N
25/10/2006 01:45,8,N
25/10/2006 02:00,4,N
25/10/2006 02:15,8,N
25/10/2006 02:30,9,N
25/10/2006 02:45,9,N
25/10/2006 03:00,13,N
25/10/2006 03:15,5,N
25/10/2006 03:30,6,N
25/10/2006 03:45,14,N
25/10/2006 04:00,11,N
25/10/2006 04:15,16,N
25/10/2006 04:30,21,N
25/10/2006 04:45,25,N
25/10/2006 05:00,33,N
25/10/2006 05:15,43,N
25/10/2006 05:30,56,N
25/10/2006 05:45,101,N
25/10/2006 06:00,111,N
25/10/2006 06:15,174,N
25/10/2006 06:30,223,N
25/10/2006 06:45,311,N
25/10/2006 07:00,335,N
25/10/2006 07:15,394,N
25/10/2006 07:30,343,N
25/10/2006 07:45,337,N
25/10/2006 08:00,315,N
25/10/2006 08:15,346,N
25/10/2006 08:30,312,N
25/10/2006 08:45,368,N
25/10/2006 09:00,365,N
25/10/2006 09:15,383,N
25/10/2006 09:30,298,N
25/10/2006 09:45,289,N
25/10/2006 10:00,229,N
25/10/2006 10:15,247,N
25/10/2006 10:30,217,N
25/10/2006 10:45,246,N
25/10/2006 11:00,212,N
25/10/2006 11:15,200,N
25/10/2006 11:30,252,N
25/10/2006 11:45,230,N
25/10/2006 12:00,268,N
25/10/2006 12:15,257,N
25/10/2006 12:30,231,N
25/10/2006 12:45,215,N
25/10/2006 13:00,228,N
25/10/2006 13:15,242,N
25/10/2006 13:30,216,N
25/10/2006 13:45,251,N
25/10/2006 14:00,195,N
25/10/2006 14:15,248,N
25/10/2006 14:30,221,N
25/10/2006 14:45,226,N
25/10/2006 15:00,240,N
25/10/2006 15:15,249,N
25/10/2006 15:30,220,N
25/10/2006 15:45,249,N
25/10/2006 16:00,237,N
25/10/2006 16:15,253,N
25/10/2006 16:30,225,N
25/10/2006 16:45,255,N
25/10/2006 17:00,260,N
25/10/2006 17:15,233,N
25/10/2006 17:30,248,N
25/10/2006 17:45,225,N
25/10/2006 18:00,230,N
25/10/2006 18:15,211,N
25/10/2006 18:30,251,N
25/10/2006 18:45,192,N
25/10/2006 19:00,194,N
25/10/2006 19:15,207,N
25/10/2006 19:30,177,N
25/10/2006 19:45,172,N
25/10/2006 20:00,134,N
25/10/2006 20:15,135,N
25/10/2006 20:30,109,N
25/10/2006 20:45,106,N
25/10/2006 21:00,116,N
25/10/2006 21:15,86,N
25/10/2006 21:30,102,N
25/10/2006 21:45,102,N
25/10/2006 22:00,91,N
25/10/2006 22:15,95,N
25/10/2006 22:30,78,N
25/10/2006 22:45,89,N
25/10/2006 23:00,46,N
25/10/2006 23:15,49,N
25/10/2006 23:30,51,N
25/10/2006 23:45,40,N
26/10/2006 00:00,24,N
26/10/2006 00:15,29,N
26/10/2006 00:30,16,N
26/10/2006 00:45,18,N
26/10/2006 01:00,14,N
26/10/2006 01:15,14,N
26/10/2006 01:30,5,N
26/10/2006 01:45,10,N
26/10/2006 02:00,8,N
26/10/2006 02:15,5,N
26/10/2006 02:30,7,N
26/10/2006 02:45,9,N
26/10/2006 03:00,9,N
26/10/2006 03:15,1,N
26/10/2006 03:30,11,N
26/10/2006 03:45,12,N
26/10/2006 04:00,15,N
26/10/2006 04:15,11,N
26/10/2006 04:30,18,N
26/10/2006 04:45,24,N
26/10/2006 05:00,27,N
26/10/2006 05:15,40,N
26/10/2006 05:30,55,N
26/10/2006 05:45,92,N
26/10/2006 06:00,134,N
26/10/2006 06:15,158,N
26/10/2006 06:30,240,N
26/10/2006 06:45,313,N
26/10/2006 07:00,395,N
26/10/2006 07:15,361,N
26/10/2006 07:30,392,N
26/10/2006 07:45,351,N
26/10/2006 08:00,375,N
26/10/2006 08:15,353,N
26/10/2006 08:30,349,N
26/10/2006 08:45,344,N
26/10/2006 09:00,393,N
26/10/2006 09:15,369,N
26/10/2006 09:30,260,N
26/10/2006 09:45,259,N
26/10/2006 10:00,223,N
26/10/2006 10:15,257,N
26/10/2006 10:30,220,N
26/10/2006 10:45,249,N
26/10/2006 11:00,222,N
26/10/2006 11:15,233,N
26/10/2006 11:30,208,N
26/10/2006 11:45,201,N
26/10/2006 12:00,244,N
26/10/2006 12:15,216,N
26/10/2006 12:30,220,N
26/10/2006 12:45,191,N
26/10/2006 13:00,237,N
26/10/2006 13:15,216,N
26/10/2006 13:30,196,N
26/10/2006 13:45,213,N
26/10/2006 14:00,220,N
26/10/2006 14:15,211,N
26/10/2006 14:30,251,N
26/10/2006 14:45,223,N
26/10/2006 15:00,243,N
26/10/2006 15:15,241,N
26/10/2006 15:30,244,N
26/10/2006 15:45,226,N
26/10/2006 16:00,267,N
26/10/2006 16:15,233,N
26/10/2006 16:30,288,N
26/10/2006 16:45,230,N
26/10/2006 17:00,222,N
26/10/2006 17:15,259,N
26/10/2006 17:30,242,N
26/10/2006 17:45,269,N
26/10/2006 18:00,257,N
26/10/2006 18:15,218,N
26/10/2006 18:30,237,N
26/10/2006 18:45,235,N
26/10/2006 19:00,209,N
26/10/2006 19:15,199,N
26/10/2006 19:30,181,N
26/10/2006 19:45,158,N
26/10/2006 20:00,164,N
26/10/2006 20:15,123,N
26/10/2006 20:30,119,N
26/10/2006 20:45,115,N
26/10/2006 21:00,111,N
26/10/2006 21:15,108,N
26/10/2006 21:30,103,N
26/10/2006 21:45,107,N
26/10/2006 22:00,86,N
26/10/2006 22:15,89,N
26/10/2006 22:30,91,N
26/10/2006 22:45,67,N
26/10/2006 23:00,65,N
26/10/2006 23:15,45,N
26/10/2006 23:30,43,N
26/10/2006 23:45,34,N
27/10/2006 00:00,21,N
27/10/2006 00:15,25,N
27/10/2006 00:30,20,N
27/10/2006 00:45,20,N
27/10/2006 01:00,16,N
27/10/2006 01:15,19,N
27/10/2006 01:30,19,N
27/10/2006 01:45,16,N
27/10/2006 02:00,2,N
27/10/2006 02:15,9,N
27/10/2006 02:30,10,N
27/10/2006 02:45,11,N
27/10/2006 03:00,9,N
27/10/2006 03:15,4,N
27/10/2006 03:30,6,N
27/10/2006 03:45,12,N
27/10/2006 04:00,10,N
27/10/2006 04:15,13,N
27/10/2006 04:30,19,N
27/10/2006 04:45,21,N
27/10/2006 05:00,20,N
27/10/2006 05:15,38,N
27/10/2006 05:30,54,N
27/10/2006 05:45,110,N
27/10/2006 06:00,99,N
27/10/2006 06:15,167,N
27/10/2006 06:30,250,N
27/10/2006 06:45,338,N
27/10/2006 07:00,372,N
27/10/2006 07:15,408,N
27/10/2006 07:30,342,N
27/10/2006 07:45,334,N
27/10/2006 08:00,347,N
27/10/2006 08:15,356,N
27/10/2006 08:30,368,N
27/10/2006 08:45,382,N
27/10/2006 09:00,371,N
27/10/2006 09:15,320,N
27/10/2006 09:30,252,N
27/10/2006 09:45,298,N
27/10/2006 10:00,223,N
27/10/2006 10:15,244,N
27/10/2006 10:30,246,N
27/10/2006 10:45,216,N
27/10/2006 11:00,223,N
27/10/2006 11:15,235,N
27/10/2006 11:30,256,N
27/10/2006 11:45,221,N
27/10/2006 12:00,252,N
27/10/2006 12:15,268,N
27/10/2006 12:30,196,N
27/10/2006 12:45,248,N
27/10/2006 13:00,214,N
27/10/2006 13:15,231,N
27/10/2006 13:30,240,N
27/10/2006 13:45,230,N
27/10/2006 14:00,220,N
27/10/2006 14:15,212,N
27/10/2006 14:30,248,N
27/10/2006 14:45,213,N
27/10/2006 15:00,249,N
27/10/2006 15:15,234,N
27/10/2006 15:30,232,N
27/10/2006 15:45,203,N
27/10/2006 16:00,213,N
27/10/2006 16:15,225,N
27/10/2006 16:30,212,N
27/10/2006 16:45,239,N
27/10/2006 17:00,224,N
27/10/2006 17:15,216,N
27/10/2006 17:30,258,N
27/10/2006 17:45,251,N
27/10/2006 18:00,221,N
27/10/2006 18:15,237,N
27/10/2006 18:30,224,N
27/10/2006 18:45,175,N
27/10/2006 19:00,198,N
27/10/2006 19:15,203,N
27/10/2006 19:30,170,N
27/10/2006 19:45,198,N
27/10/2006 20:00,160,N
27/10/2006 20:15,123,N
27/10/2006 20:30,117,N
27/10/2006 20:45,111,N
27/10/2006 21:00,104,N
27/10/2006 21:15,118,N
27/10/2006 21:30,105,N
27/10/2006 21:45,66,N
27/10/2006 22:00,77,N
27/10/2006 22:15,76,N
27/10/2006 22:30,85,N
27/10/2006 22:45,81,N
27/10/2006 23:00,70,N
27/10/2006 23:15,76,N
27/10/2006 23:30,71,N
27/10/2006 23:45,47,N
28/10/2006 00:00,54,N
28/10/2006 00:15,60,N
28/10/2006 00:30,47,N
28/10/2006 00:45,43,N
28/10/2006 01:00,32,N
28/10/2006 01:15,25,N
28/10/2006 01:30,28,N
28/10/2006 01:45,23,N
28/10/2006 02:00,10,N
28/10/2006 02:15,18,N
28/10/2006 02:30,16,N
28/10/2006 02:45,19,N
28/10/2006 03:00,19,N
28/10/2006 03:15,14,N
28/10/2006 03:30,17,N
28/10/2006 03:45,13,N
28/10/2006 04:00,17,N
28/10/2006 04:15,16,N
28/10/2006 04:30,10,N
28/10/2006 04:45,13,N
28/10/2006 05:00,13,N
28/10/2006 05:15,22,N
28/10/2006 05:30,37,N
28/10/2006 05:45,37,N
28/10/2006 06:00,46,N
28/10/2006 06:15,67,N
28/10/2006 06:30,73,N
28/10/2006 06:45,89,N
28/10/2006 07:00,81,N
28/10/2006 07:15,88,N
28/10/2006 07:30,128,N
28/10/2006 07:45,139,N
28/10/2006 08:00,144,N
28/10/2006 08:15,178,N
28/10/2006 08:30,186,N
28/10/2006 08:45,234,N
28/10/2006 09:00,198,N
28/10/2006 09:15,243,N
28/10/2006 09:30,250,N
28/10/2006 09:45,242,N
28/10/2006 10:00,242,N
28/10/2006 10:15,268,N
28/10/2006 10:30,209,N
28/10/2006 10:45,294,N
28/10/2006 11:00,245,N
28/10/2006 11:15,236,N
28/10/2006 11:30,260,N
28/10/2006 11:45,265,N
28/10/2006 12:00,229,N
28/10/2006 12:15,272,N
28/10/2006 12:30,240,N
28/10/2006 12:45,272,N
28/10/2006 13:00,262,N
28/10/2006 13:15,238,N
28/10/2006 13:30,218,N
28/10/2006 13:45,251,N
28/10/2006 14:00,216,N
28/10/2006 14:15,260,N
28/10/2006 14:30,231,N
28/10/2006 14:45,232,N
28/10/2006 15:00,211,N
28/10/2006 15:15,193,N
28/10/2006 15:30,210,N
28/10/2006 15:45,204,N
28/10/2006 16:00,214,N
28/10/2006 16:15,209,N
28/10/2006 16:30,231,N
28/10/2006 16:45,243,N
28/10/2006 17:00,212,N
28/10/2006 17:15,213,N
28/10/2006 17:30,226,N
28/10/2006 17:45,219,N
28/10/2006 18:00,252,N
28/10/2006 18:15,215,N
28/10/2006 18:30,228,N
28/10/2006 18:45,247,N
28/10/2006 19:00,207,N
28/10/2006 19:15,186,N
28/10/2006 19:30,212,N
28/10/2006 19:45,160,N
28/10/2006 20:00,158,N
28/10/2006 20:15,132,N
28/10/2006 20:30,117,N
28/10/2006 20:45,115,N
28/10/2006 21:00,102,N
28/10/2006 21:15,101,N
28/10/2006 21:30,112,N
28/10/2006 21:45,100,N
28/10/2006 22:00,79,N
28/10/2006 22:15,92,N
28/10/2006 22:30,92,N
28/10/2006 22:45,76,N
28/10/2006 23:00,92,N
28/10/2006 23:15,76,N
28/10/2006 23:30,86,N
28/10/2006 23:45,76,N
29/10/2006 00:00,87,N
29/10/2006 00:15,72,N
29/10/2006 00:30,53,N
29/10/2006 00:45,58,N
29/10/2006 01:00,43,N
29/10/2006 01:15,53,N
29/10/2006 01:30,47,N
29/10/2006 01:45,0,N
29/10/2006 02:00,0,N
29/10/2006 02:15,0,N
29/10/2006 02:30,0,N
29/10/2006 02:45,31,N
29/10/2006 03:00,26,N
29/10/2006 03:15,39,N
29/10/2006 03:30,19,N
29/10/2006 03:45,22,N
29/10/2006 04:00,25,N
29/10/2006 04:15,20,N
29/10/2006 04:30,18,N
29/10/2006 04:45,23,N
29/10/2006 05:00,11,N
29/10/2006 05:15,13,N
29/10/2006 05:30,23,N
29/10/2006 05:45,25,N
29/10/2006 06:00,28,N
29/10/2006 06:15,31,N
29/10/2006 06:30,45,N
29/10/2006 06:45,46,N
29/10/2006 07:00,30,N
29/10/2006 07:15,44,N
29/10/2006 07:30,52,N
29/10/2006 07:45,58,N
29/10/2006 08:00,73,N
29/10/2006 08:15,70,N
29/10/2006 08:30,100,N
29/10/2006 08:45,121,N
29/10/2006 09:00,115,N
29/10/2006 09:15,97,N
29/10/2006 09:30,156,N
29/10/2006 09:45,188,N
29/10/2006 10:00,199,N
29/10/2006 10:15,173,N
29/10/2006 10:30,156,N
29/10/2006 10:45,193,N
29/10/2006 11:00,174,N
29/10/2006 11:15,152,N
29/10/2006 11:30,226,N
29/10/2006 11:45,250,N
29/10/2006 12:00,249,N
29/10/2006 12:15,222,N
29/10/2006 12:30,233,N
29/10/2006 12:45,278,N
29/10/2006 13:00,230,N
29/10/2006 13:15,203,N
29/10/2006 13:30,213,N
29/10/2006 13:45,227,N
29/10/2006 14:00,235,N
29/10/2006 14:15,240,N
29/10/2006 14:30,189,N
29/10/2006 14:45,206,N
29/10/2006 15:00,181,N
29/10/2006 15:15,194,N
29/10/2006 15:30,201,N
29/10/2006 15:45,215,N
29/10/2006 16:00,194,N
29/10/2006 16:15,195,N
29/10/2006 16:30,201,N
29/10/2006 16:45,215,N
29/10/2006 17:00,192,N
29/10/2006 17:15,215,N
29/10/2006 17:30,198,N
29/10/2006 17:45,244,N
29/10/2006 18:00,234,N
29/10/2006 18:15,215,N
29/10/2006 18:30,176,N
29/10/2006 18:45,185,N
29/10/2006 19:00,158,N
29/10/2006 19:15,137,N
29/10/2006 19:30,131,N
29/10/2006 19:45,131,N
29/10/2006 20:00,110,N
29/10/2006 20:15,124,N
29/10/2006 20:30,145,N
29/10/2006 20:45,99,N
29/10/2006 21:00,111,N
29/10/2006 21:15,106,N
29/10/2006 21:30,88,N
29/10/2006 21:45,87,N
29/10/2006 22:00,71,N
29/10/2006 22:15,63,N
29/10/2006 22:30,82,N
29/10/2006 22:45,63,N
29/10/2006 23:00,52,N
29/10/2006 23:15,41,N
29/10/2006 23:30,41,N
29/10/2006 23:45,29,N
30/10/2006 00:00,28,N
30/10/2006 00:15,23,N
30/10/2006 00:30,16,N
30/10/2006 00:45,19,N
30/10/2006 01:00,18,N
30/10/2006 01:15,12,N
30/10/2006 01:30,11,N
30/10/2006 01:45,9,N
30/10/2006 02:00,8,N
30/10/2006 02:15,7,N
30/10/2006 02:30,10,N
30/10/2006 02:45,7,N
30/10/2006 03:00,4,N
30/10/2006 03:15,5,N
30/10/2006 03:30,9,N
30/10/2006 03:45,10,N
30/10/2006 04:00,12,N
30/10/2006 04:15,11,N
30/10/2006 04:30,19,N
30/10/2006 04:45,15,N
30/10/2006 05:00,29,N
30/10/2006 05:15,32,N
30/10/2006 05:30,63,N
30/10/2006 05:45,82,N
30/10/2006 06:00,82,N
30/10/2006 06:15,160,N
30/10/2006 06:30,261,N
30/10/2006 06:45,273,N
30/10/2006 07:00,328,N
30/10/2006 07:15,375,N
30/10/2006 07:30,363,N
30/10/2006 07:45,358,N
30/10/2006 08:00,378,N
30/10/2006 08:15,367,N
30/10/2006 08:30,343,N
30/10/2006 08:45,341,N
30/10/2006 09:00,379,N
30/10/2006 09:15,351,N
30/10/2006 09:30,258,N
30/10/2006 09:45,205,N
30/10/2006 10:00,248,N
30/10/2006 10:15,216,N
30/10/2006 10:30,209,N
30/10/2006 10:45,212,N
30/10/2006 11:00,188,N
30/10/2006 11:15,197,N
30/10/2006 11:30,207,N
30/10/2006 11:45,206,N
30/10/2006 12:00,195,N
30/10/2006 12:15,202,N
30/10/2006 12:30,187,N
30/10/2006 12:45,200,N
30/10/2006 13:00,203,N
30/10/2006 13:15,212,N
30/10/2006 13:30,205,N
30/10/2006 13:45,225,N
30/10/2006 14:00,192,N
30/10/2006 14:15,224,N
30/10/2006 14:30,213,N
30/10/2006 14:45,205,N
30/10/2006 15:00,235,N
30/10/2006 15:15,232,N
30/10/2006 15:30,233,N
30/10/2006 15:45,193,N
30/10/2006 16:00,192,N
30/10/2006 16:15,238,N
30/10/2006 16:30,255,N
30/10/2006 16:45,208,N
30/10/2006 17:00,213,N
30/10/2006 17:15,250,N
30/10/2006 17:30,250,N
30/10/2006 17:45,228,N
30/10/2006 18:00,194,N
30/10/2006 18:15,224,N
30/10/2006 18:30,210,N
30/10/2006 18:45,209,N
30/10/2006 19:00,187,N
30/10/2006 19:15,171,N
30/10/2006 19:30,135,N
30/10/2006 19:45,166,N
30/10/2006 20:00,118,N
30/10/2006 20:15,113,N
30/10/2006 20:30,132,N
30/10/2006 20:45,116,N
30/10/2006 21:00,96,N
30/10/2006 21:15,131,N
30/10/2006 21:30,157,N
30/10/2006 21:45,91,N
30/10/2006 22:00,79,N
30/10/2006 22:15,81,N
30/10/2006 22:30,55,N
30/10/2006 22:45,77,N
30/10/2006 23:00,53,N
30/10/2006 23:15,41,N
30/10/2006 23:30,44,N
30/10/2006 23:45,29,N
31/10/2006 00:00,33,N
31/10/2006 00:15,26,N
31/10/2006 00:30,11,N
31/10/2006 00:45,17,N
31/10/2006 01:00,12,N
31/10/2006 01:15,10,N
31/10/2006 01:30,7,N
31/10/2006 01:45,6,N
31/10/2006 02:00,6,N
31/10/2006 02:15,7,N
31/10/2006 02:30,8,N
31/10/2006 02:45,2,N
31/10/2006 03:00,3,N
31/10/2006 03:15,6,N
31/10/2006 03:30,7,N
31/10/2006 03:45,7,N
31/10/2006 04:00,6,N
31/10/2006 04:15,6,N
31/10/2006 04:30,20,N
31/10/2006 04:45,16,N
31/10/2006 05:00,28,N
31/10/2006 05:15,40,N
31/10/2006 05:30,56,N
31/10/2006 05:45,76,N
31/10/2006 06:00,95,N
31/10/2006 06:15,173,N
31/10/2006 06:30,214,N
31/10/2006 06:45,349,N
31/10/2006 07:00,354,N
31/10/2006 07:15,385,N
31/10/2006 07:30,373,N
31/10/2006 07:45,383,N
31/10/2006 08:00,389,N
31/10/2006 08:15,379,N
31/10/2006 08:30,377,N
31/10/2006 08:45,361,N
31/10/2006 09:00,394,N
31/10/2006 09:15,358,N
31/10/2006 09:30,277,N
31/10/2006 09:45,280,N
31/10/2006 10:00,224,N
31/10/2006 10:15,258,N
31/10/2006 10:30,212,N
31/10/2006 10:45,211,N
31/10/2006 11:00,200,N
31/10/2006 11:15,229,N
31/10/2006 11:30,216,N
31/10/2006 11:45,232,N
31/10/2006 12:00,204,N
31/10/2006 12:15,226,N
31/10/2006 12:30,243,N
31/10/2006 12:45,200,N
31/10/2006 13:00,177,N
31/10/2006 13:15,230,N
31/10/2006 13:30,198,N
31/10/2006 13:45,233,N
31/10/2006 14:00,167,N
31/10/2006 14:15,224,N
31/10/2006 14:30,211,N
31/10/2006 14:45,230,N
31/10/2006 15:00,235,N
31/10/2006 15:15,247,N
31/10/2006 15:30,249,N
31/10/2006 15:45,248,N
31/10/2006 16:00,224,N
31/10/2006 16:15,235,N
31/10/2006 16:30,241,N
31/10/2006 16:45,216,N
31/10/2006 17:00,232,N
31/10/2006 17:15,242,N
31/10/2006 17:30,223,N
31/10/2006 17:45,247,N
31/10/2006 18:00,223,N
31/10/2006 18:15,247,N
31/10/2006 18:30,236,N
31/10/2006 18:45,201,N
31/10/2006 19:00,226,N
31/10/2006 19:15,182,N
31/10/2006 19:30,188,N
31/10/2006 19:45,161,N
31/10/2006 20:00,145,N
31/10/2006 20:15,138,N
31/10/2006 20:30,129,N
31/10/2006 20:45,121,N
31/10/2006 21:00,130,N
31/10/2006 21:15,142,N
31/10/2006 21:30,93,N
31/10/2006 21:45,111,N
31/10/2006 22:00,109,N
31/10/2006 22:15,99,N
31/10/2006 22:30,78,N
31/10/2006 22:45,76,N
31/10/2006 23:00,96,N
31/10/2006 23:15,75,N
31/10/2006 23:30,56,N
31/10/2006 23:45,59,N
1/10/2006 00:00,63,SW
1/10/2006 00:15,67,SW
1/10/2006 00:30,62,SW
1/10/2006 00:45,71,SW
1/10/2006 01:00,43,SW
1/10/2006 01:15,38,SW
1/10/2006 01:30,34,SW
1/10/2006 01:45,75,SW
1/10/2006 02:00,32,SW
1/10/2006 02:15,33,SW
1/10/2006 02:30,26,SW
1/10/2006 02:45,36,SW
1/10/2006 03:00,15,SW
1/10/2006 03:15,21,SW
1/10/2006 03:30,24,SW
1/10/2006 03:45,24,SW
1/10/2006 04:00,30,SW
1/10/2006 04:15,25,SW
1/10/2006 04:30,25,SW
1/10/2006 04:45,21,SW
1/10/2006 05:00,15,SW
1/10/2006 05:15,20,SW
1/10/2006 05:30,11,SW
1/10/2006 05:45,18,SW
1/10/2006 06:00,13,SW
1/10/2006 06:15,18,SW
1/10/2006 06:30,18,SW
1/10/2006 06:45,26,SW
1/10/2006 07:00,34,SW
1/10/2006 07:15,33,SW
1/10/2006 07:30,28,SW
1/10/2006 07:45,36,SW
1/10/2006 08:00,41,SW
1/10/2006 08:15,35,SW
1/10/2006 08:30,59,SW
1/10/2006 08:45,53,SW
1/10/2006 09:00,43,SW
1/10/2006 09:15,68,SW
1/10/2006 09:30,45,SW
1/10/2006 09:45,80,SW
1/10/2006 10:00,69,SW
1/10/2006 10:15,117,SW
1/10/2006 10:30,87,SW
1/10/2006 10:45,119,SW
1/10/2006 11:00,100,SW
1/10/2006 11:15,158,SW
1/10/2006 11:30,120,SW
1/10/2006 11:45,137,SW
1/10/2006 12:00,129,SW
1/10/2006 12:15,104,SW
1/10/2006 12:30,129,SW
1/10/2006 12:45,119,SW
1/10/2006 13:00,130,SW
1/10/2006 13:15,96,SW
1/10/2006 13:30,147,SW
1/10/2006 13:45,143,SW
1/10/2006 14:00,151,SW
1/10/2006 14:15,111,SW
1/10/2006 14:30,156,SW
1/10/2006 14:45,154,SW
1/10/2006 15:00,152,SW
1/10/2006 15:15,124,SW
1/10/2006 15:30,184,SW
1/10/2006 15:45,135,SW
1/10/2006 16:00,158,SW
1/10/2006 16:15,116,SW
1/10/2006 16:30,158,SW
1/10/2006 16:45,154,SW
1/10/2006 17:00,136,SW
1/10/2006 17:15,150,SW
1/10/2006 17:30,139,SW
1/10/2006 17:45,160,SW
1/10/2006 18:00,138,SW
1/10/2006 18:15,109,SW
1/10/2006 18:30,105,SW
1/10/2006 18:45,111,SW
1/10/2006 19:00,91,SW
1/10/2006 19:15,71,SW
1/10/2006 19:30,96,SW
1/10/2006 19:45,65,SW
1/10/2006 20:00,74,SW
1/10/2006 20:15,79,SW
1/10/2006 20:30,76,SW
1/10/2006 20:45,49,SW
1/10/2006 21:00,57,SW
1/10/2006 21:15,82,SW
1/10/2006 21:30,55,SW
1/10/2006 21:45,47,SW
1/10/2006 22:00,67,SW
1/10/2006 22:15,58,SW
1/10/2006 22:30,37,SW
1/10/2006 22:45,50,SW
1/10/2006 23:00,31,SW
1/10/2006 23:15,32,SW
1/10/2006 23:30,29,SW
1/10/2006 23:45,29,SW
2/10/2006 00:00,27,SW
2/10/2006 00:15,126,SW
2/10/2006 00:30,33,SW
2/10/2006 00:45,11,SW
2/10/2006 01:00,8,SW
2/10/2006 01:15,13,SW
2/10/2006 01:30,7,SW
2/10/2006 01:45,5,SW
2/10/2006 02:00,8,SW
2/10/2006 02:15,11,SW
2/10/2006 02:30,6,SW
2/10/2006 02:45,7,SW
2/10/2006 03:00,10,SW
2/10/2006 03:15,9,SW
2/10/2006 03:30,3,SW
2/10/2006 03:45,7,SW
2/10/2006 04:00,7,SW
2/10/2006 04:15,7,SW
2/10/2006 04:30,3,SW
2/10/2006 04:45,14,SW
2/10/2006 05:00,32,SW
2/10/2006 05:15,27,SW
2/10/2006 05:30,22,SW
2/10/2006 05:45,54,SW
2/10/2006 06:00,67,SW
2/10/2006 06:15,69,SW
2/10/2006 06:30,90,SW
2/10/2006 06:45,79,SW
2/10/2006 07:00,155,SW
2/10/2006 07:15,177,SW
2/10/2006 07:30,119,SW
2/10/2006 07:45,133,SW
2/10/2006 08:00,110,SW
2/10/2006 08:15,106,SW
2/10/2006 08:30,108,SW
2/10/2006 08:45,109,SW
2/10/2006 09:00,128,SW
2/10/2006 09:15,94,SW
2/10/2006 09:30,99,SW
2/10/2006 09:45,110,SW
2/10/2006 10:00,97,SW
2/10/2006 10:15,111,SW
2/10/2006 10:30,127,SW
2/10/2006 10:45,140,SW
2/10/2006 11:00,110,SW
2/10/2006 11:15,142,SW
2/10/2006 11:30,96,SW
2/10/2006 11:45,95,SW
2/10/2006 12:00,131,SW
2/10/2006 12:15,143,SW
2/10/2006 12:30,130,SW
2/10/2006 12:45,124,SW
2/10/2006 13:00,118,SW
2/10/2006 13:15,140,SW
2/10/2006 13:30,112,SW
2/10/2006 13:45,122,SW
2/10/2006 14:00,132,SW
2/10/2006 14:15,124,SW
2/10/2006 14:30,127,SW
2/10/2006 14:45,167,SW
2/10/2006 15:00,174,SW
2/10/2006 15:15,186,SW
2/10/2006 15:30,219,SW
2/10/2006 15:45,207,SW
2/10/2006 16:00,159,SW
2/10/2006 16:15,200,SW
2/10/2006 16:30,140,SW
2/10/2006 16:45,177,SW
2/10/2006 17:00,262,SW
2/10/2006 17:15,249,SW
2/10/2006 17:30,256,SW
2/10/2006 17:45,267,SW
2/10/2006 18:00,282,SW
2/10/2006 18:15,250,SW
2/10/2006 18:30,191,SW
2/10/2006 18:45,182,SW
2/10/2006 19:00,170,SW
2/10/2006 19:15,129,SW
2/10/2006 19:30,127,SW
2/10/2006 19:45,126,SW
2/10/2006 20:00,96,SW
2/10/2006 20:15,92,SW
2/10/2006 20:30,97,SW
2/10/2006 20:45,74,SW
2/10/2006 21:00,60,SW
2/10/2006 21:15,109,SW
2/10/2006 21:30,82,SW
2/10/2006 21:45,72,SW
2/10/2006 22:00,44,SW
2/10/2006 22:15,56,SW
2/10/2006 22:30,45,SW
2/10/2006 22:45,51,SW
2/10/2006 23:00,74,SW
2/10/2006 23:15,25,SW
2/10/2006 23:30,53,SW
2/10/2006 23:45,35,SW
3/10/2006 00:00,26,SW
3/10/2006 00:15,10,SW
3/10/2006 00:30,28,SW
3/10/2006 00:45,8,SW
3/10/2006 01:00,16,SW
3/10/2006 01:15,7,SW
3/10/2006 01:30,9,SW
3/10/2006 01:45,3,SW
3/10/2006 02:00,4,SW
3/10/2006 02:15,9,SW
3/10/2006 02:30,5,SW
3/10/2006 02:45,3,SW
3/10/2006 03:00,8,SW
3/10/2006 03:15,4,SW
3/10/2006 03:30,5,SW
3/10/2006 03:45,3,SW
3/10/2006 04:00,3,SW
3/10/2006 04:15,4,SW
3/10/2006 04:30,4,SW
3/10/2006 04:45,14,SW
3/10/2006 05:00,47,SW
3/10/2006 05:15,35,SW
3/10/2006 05:30,46,SW
3/10/2006 05:45,34,SW
3/10/2006 06:00,65,SW
3/10/2006 06:15,84,SW
3/10/2006 06:30,104,SW
3/10/2006 06:45,115,SW
3/10/2006 07:00,154,SW
3/10/2006 07:15,152,SW
3/10/2006 07:30,162,SW
3/10/2006 07:45,106,SW
3/10/2006 08:00,106,SW
3/10/2006 08:15,127,SW
3/10/2006 08:30,145,SW
3/10/2006 08:45,105,SW
3/10/2006 09:00,111,SW
3/10/2006 09:15,124,SW
3/10/2006 09:30,100,SW
3/10/2006 09:45,140,SW
3/10/2006 10:00,99,SW
3/10/2006 10:15,134,SW
3/10/2006 10:30,111,SW
3/10/2006 10:45,124,SW
3/10/2006 11:00,106,SW
3/10/2006 11:15,122,SW
3/10/2006 11:30,101,SW
3/10/2006 11:45,193,SW
3/10/2006 12:00,120,SW
3/10/2006 12:15,159,SW
3/10/2006 12:30,102,SW
3/10/2006 12:45,142,SW
3/10/2006 13:00,138,SW
3/10/2006 13:15,131,SW
3/10/2006 13:30,131,SW
3/10/2006 13:45,108,SW
3/10/2006 14:00,171,SW
3/10/2006 14:15,189,SW
3/10/2006 14:30,161,SW
3/10/2006 14:45,149,SW
3/10/2006 15:00,149,SW
3/10/2006 15:15,211,SW
3/10/2006 15:30,181,SW
3/10/2006 15:45,185,SW
3/10/2006 16:00,186,SW
3/10/2006 16:15,182,SW
3/10/2006 16:30,188,SW
3/10/2006 16:45,164,SW
3/10/2006 17:00,183,SW
3/10/2006 17:15,218,SW
3/10/2006 17:30,218,SW
3/10/2006 17:45,205,SW
3/10/2006 18:00,278,SW
3/10/2006 18:15,229,SW
3/10/2006 18:30,189,SW
3/10/2006 18:45,149,SW
3/10/2006 19:00,189,SW
3/10/2006 19:15,118,SW
3/10/2006 19:30,139,SW
3/10/2006 19:45,96,SW
3/10/2006 20:00,116,SW
3/10/2006 20:15,100,SW
3/10/2006 20:30,80,SW
3/10/2006 20:45,65,SW
3/10/2006 21:00,130,SW
3/10/2006 21:15,76,SW
3/10/2006 21:30,73,SW
3/10/2006 21:45,59,SW
3/10/2006 22:00,64,SW
3/10/2006 22:15,73,SW
3/10/2006 22:30,101,SW
3/10/2006 22:45,47,SW
3/10/2006 23:00,56,SW
3/10/2006 23:15,55,SW
3/10/2006 23:30,62,SW
3/10/2006 23:45,61,SW
4/10/2006 00:00,29,SW
4/10/2006 00:15,28,SW
4/10/2006 00:30,62,SW
4/10/2006 00:45,17,SW
4/10/2006 01:00,12,SW
4/10/2006 01:15,14,SW
4/10/2006 01:30,8,SW
4/10/2006 01:45,4,SW
4/10/2006 02:00,3,SW
4/10/2006 02:15,3,SW
4/10/2006 02:30,5,SW
4/10/2006 02:45,3,SW
4/10/2006 03:00,8,SW
4/10/2006 03:15,6,SW
4/10/2006 03:30,7,SW
4/10/2006 03:45,3,SW
4/10/2006 04:00,8,SW
4/10/2006 04:15,3,SW
4/10/2006 04:30,6,SW
4/10/2006 04:45,20,SW
4/10/2006 05:00,38,SW
4/10/2006 05:15,36,SW
4/10/2006 05:30,48,SW
4/10/2006 05:45,50,SW
4/10/2006 06:00,60,SW
4/10/2006 06:15,76,SW
4/10/2006 06:30,88,SW
4/10/2006 06:45,125,SW
4/10/2006 07:00,172,SW
4/10/2006 07:15,195,SW
4/10/2006 07:30,167,SW
4/10/2006 07:45,121,SW
4/10/2006 08:00,120,SW
4/10/2006 08:15,108,SW
4/10/2006 08:30,126,SW
4/10/2006 08:45,126,SW
4/10/2006 09:00,105,SW
4/10/2006 09:15,92,SW
4/10/2006 09:30,118,SW
4/10/2006 09:45,108,SW
4/10/2006 10:00,105,SW
4/10/2006 10:15,107,SW
4/10/2006 10:30,102,SW
4/10/2006 10:45,109,SW
4/10/2006 11:00,118,SW
4/10/2006 11:15,139,SW
4/10/2006 11:30,116,SW
4/10/2006 11:45,105,SW
4/10/2006 12:00,107,SW
4/10/2006 12:15,116,SW
4/10/2006 12:30,147,SW
4/10/2006 12:45,143,SW
4/10/2006 13:00,112,SW
4/10/2006 13:15,133,SW
4/10/2006 13:30,143,SW
4/10/2006 13:45,142,SW
4/10/2006 14:00,112,SW
4/10/2006 14:15,131,SW
4/10/2006 14:30,154,SW
4/10/2006 14:45,178,SW
4/10/2006 15:00,199,SW
4/10/2006 15:15,157,SW
4/10/2006 15:30,221,SW
4/10/2006 15:45,189,SW
4/10/2006 16:00,166,SW
4/10/2006 16:15,187,SW
4/10/2006 16:30,233,SW
4/10/2006 16:45,206,SW
4/10/2006 17:00,201,SW
4/10/2006 17:15,252,SW
4/10/2006 17:30,220,SW
4/10/2006 17:45,210,SW
4/10/2006 18:00,237,SW
4/10/2006 18:15,224,SW
4/10/2006 18:30,165,SW
4/10/2006 18:45,177,SW
4/10/2006 19:00,196,SW
4/10/2006 19:15,134,SW
4/10/2006 19:30,128,SW
4/10/2006 19:45,128,SW
4/10/2006 20:00,117,SW
4/10/2006 20:15,91,SW
4/10/2006 20:30,115,SW
4/10/2006 20:45,99,SW
4/10/2006 21:00,87,SW
4/10/2006 21:15,125,SW
4/10/2006 21:30,98,SW
4/10/2006 21:45,78,SW
4/10/2006 22:00,76,SW
4/10/2006 22:15,65,SW
4/10/2006 22:30,75,SW
4/10/2006 22:45,58,SW
4/10/2006 23:00,75,SW
4/10/2006 23:15,53,SW
4/10/2006 23:30,60,SW
4/10/2006 23:45,54,SW
5/10/2006 00:00,42,SW
5/10/2006 00:15,45,SW
5/10/2006 00:30,28,SW
5/10/2006 00:45,20,SW
5/10/2006 01:00,21,SW
5/10/2006 01:15,11,SW
5/10/2006 01:30,13,SW
5/10/2006 01:45,8,SW
5/10/2006 02:00,10,SW
5/10/2006 02:15,5,SW
5/10/2006 02:30,7,SW
5/10/2006 02:45,7,SW
5/10/2006 03:00,5,SW
5/10/2006 03:15,8,SW
5/10/2006 03:30,7,SW
5/10/2006 03:45,13,SW
5/10/2006 04:00,4,SW
5/10/2006 04:15,4,SW
5/10/2006 04:30,3,SW
5/10/2006 04:45,24,SW
5/10/2006 05:00,59,SW
5/10/2006 05:15,50,SW
5/10/2006 05:30,37,SW
5/10/2006 05:45,41,SW
5/10/2006 06:00,59,SW
5/10/2006 06:15,77,SW
5/10/2006 06:30,117,SW
5/10/2006 06:45,98,SW
5/10/2006 07:00,186,SW
5/10/2006 07:15,160,SW
5/10/2006 07:30,138,SW
5/10/2006 07:45,121,SW
5/10/2006 08:00,83,SW
5/10/2006 08:15,123,SW
5/10/2006 08:30,113,SW
5/10/2006 08:45,133,SW
5/10/2006 09:00,124,SW
5/10/2006 09:15,90,SW
5/10/2006 09:30,105,SW
5/10/2006 09:45,98,SW
5/10/2006 10:00,93,SW
5/10/2006 10:15,125,SW
5/10/2006 10:30,124,SW
5/10/2006 10:45,131,SW
5/10/2006 11:00,159,SW
5/10/2006 11:15,114,SW
5/10/2006 11:30,128,SW
5/10/2006 11:45,132,SW
5/10/2006 12:00,120,SW
5/10/2006 12:15,144,SW
5/10/2006 12:30,148,SW
5/10/2006 12:45,149,SW
5/10/2006 13:00,108,SW
5/10/2006 13:15,131,SW
5/10/2006 13:30,148,SW
5/10/2006 13:45,136,SW
5/10/2006 14:00,161,SW
5/10/2006 14:15,133,SW
5/10/2006 14:30,173,SW
5/10/2006 14:45,173,SW
5/10/2006 15:00,166,SW
5/10/2006 15:15,153,SW
5/10/2006 15:30,153,SW
5/10/2006 15:45,192,SW
5/10/2006 16:00,204,SW
5/10/2006 16:15,183,SW
5/10/2006 16:30,239,SW
5/10/2006 16:45,186,SW
5/10/2006 17:00,202,SW
5/10/2006 17:15,233,SW
5/10/2006 17:30,227,SW
5/10/2006 17:45,223,SW
5/10/2006 18:00,256,SW
5/10/2006 18:15,215,SW
5/10/2006 18:30,228,SW
5/10/2006 18:45,198,SW
5/10/2006 19:00,175,SW
5/10/2006 19:15,156,SW
5/10/2006 19:30,146,SW
5/10/2006 19:45,117,SW
5/10/2006 20:00,119,SW
5/10/2006 20:15,103,SW
5/10/2006 20:30,87,SW
5/10/2006 20:45,63,SW
5/10/2006 21:00,130,SW
5/10/2006 21:15,104,SW
5/10/2006 21:30,82,SW
5/10/2006 21:45,71,SW
5/10/2006 22:00,81,SW
5/10/2006 22:15,84,SW
5/10/2006 22:30,85,SW
5/10/2006 22:45,84,SW
5/10/2006 23:00,89,SW
5/10/2006 23:15,41,SW
5/10/2006 23:30,44,SW
5/10/2006 23:45,50,SW
6/10/2006 00:00,64,SW
6/10/2006 00:15,32,SW
6/10/2006 00:30,51,SW
6/10/2006 00:45,18,SW
6/10/2006 01:00,19,SW
6/10/2006 01:15,7,SW
6/10/2006 01:30,11,SW
6/10/2006 01:45,11,SW
6/10/2006 02:00,16,SW
6/10/2006 02:15,13,SW
6/10/2006 02:30,8,SW
6/10/2006 02:45,6,SW
6/10/2006 03:00,10,SW
6/10/2006 03:15,11,SW
6/10/2006 03:30,13,SW
6/10/2006 03:45,7,SW
6/10/2006 04:00,8,SW
6/10/2006 04:15,6,SW
6/10/2006 04:30,7,SW
6/10/2006 04:45,14,SW
6/10/2006 05:00,33,SW
6/10/2006 05:15,55,SW
6/10/2006 05:30,45,SW
6/10/2006 05:45,56,SW
6/10/2006 06:00,67,SW
6/10/2006 06:15,68,SW
6/10/2006 06:30,102,SW
6/10/2006 06:45,144,SW
6/10/2006 07:00,162,SW
6/10/2006 07:15,159,SW
6/10/2006 07:30,145,SW
6/10/2006 07:45,125,SW
6/10/2006 08:00,109,SW
6/10/2006 08:15,110,SW
6/10/2006 08:30,90,SW
6/10/2006 08:45,117,SW
6/10/2006 09:00,105,SW
6/10/2006 09:15,124,SW
6/10/2006 09:30,105,SW
6/10/2006 09:45,99,SW
6/10/2006 10:00,83,SW
6/10/2006 10:15,150,SW
6/10/2006 10:30,131,SW
6/10/2006 10:45,105,SW
6/10/2006 11:00,134,SW
6/10/2006 11:15,110,SW
6/10/2006 11:30,154,SW
6/10/2006 11:45,108,SW
6/10/2006 12:00,124,SW
6/10/2006 12:15,163,SW
6/10/2006 12:30,161,SW
6/10/2006 12:45,108,SW
6/10/2006 13:00,103,SW
6/10/2006 13:15,161,SW
6/10/2006 13:30,126,SW
6/10/2006 13:45,167,SW
6/10/2006 14:00,146,SW
6/10/2006 14:15,168,SW
6/10/2006 14:30,158,SW
6/10/2006 14:45,153,SW
6/10/2006 15:00,192,SW
6/10/2006 15:15,194,SW
6/10/2006 15:30,182,SW
6/10/2006 15:45,164,SW
6/10/2006 16:00,212,SW
6/10/2006 16:15,169,SW
6/10/2006 16:30,206,SW
6/10/2006 16:45,208,SW
6/10/2006 17:00,223,SW
6/10/2006 17:15,212,SW
6/10/2006 17:30,290,SW
6/10/2006 17:45,259,SW
6/10/2006 18:00,181,SW
6/10/2006 18:15,260,SW
6/10/2006 18:30,215,SW
6/10/2006 18:45,175,SW
6/10/2006 19:00,173,SW
6/10/2006 19:15,178,SW
6/10/2006 19:30,113,SW
6/10/2006 19:45,107,SW
6/10/2006 20:00,121,SW
6/10/2006 20:15,103,SW
6/10/2006 20:30,85,SW
6/10/2006 20:45,132,SW
6/10/2006 21:00,80,SW
6/10/2006 21:15,96,SW
6/10/2006 21:30,109,SW
6/10/2006 21:45,79,SW
6/10/2006 22:00,79,SW
6/10/2006 22:15,91,SW
6/10/2006 22:30,85,SW
6/10/2006 22:45,81,SW
6/10/2006 23:00,110,SW
6/10/2006 23:15,112,SW
6/10/2006 23:30,80,SW
6/10/2006 23:45,64,SW
7/10/2006 00:00,55,SW
7/10/2006 00:15,57,SW
7/10/2006 00:30,88,SW
7/10/2006 00:45,70,SW
7/10/2006 01:00,50,SW
7/10/2006 01:15,37,SW
7/10/2006 01:30,50,SW
7/10/2006 01:45,33,SW
7/10/2006 02:00,32,SW
7/10/2006 02:15,20,SW
7/10/2006 02:30,21,SW
7/10/2006 02:45,16,SW
7/10/2006 03:00,24,SW
7/10/2006 03:15,19,SW
7/10/2006 03:30,18,SW
7/10/2006 03:45,27,SW
7/10/2006 04:00,15,SW
7/10/2006 04:15,16,SW
7/10/2006 04:30,10,SW
7/10/2006 04:45,40,SW
7/10/2006 05:00,29,SW
7/10/2006 05:15,42,SW
7/10/2006 05:30,15,SW
7/10/2006 05:45,34,SW
7/10/2006 06:00,36,SW
7/10/2006 06:15,34,SW
7/10/2006 06:30,16,SW
7/10/2006 06:45,38,SW
7/10/2006 07:00,60,SW
7/10/2006 07:15,80,SW
7/10/2006 07:30,37,SW
7/10/2006 07:45,85,SW
7/10/2006 08:00,84,SW
7/10/2006 08:15,78,SW
7/10/2006 08:30,57,SW
7/10/2006 08:45,90,SW
7/10/2006 09:00,115,SW
7/10/2006 09:15,151,SW
7/10/2006 09:30,94,SW
7/10/2006 09:45,149,SW
7/10/2006 10:00,123,SW
7/10/2006 10:15,97,SW
7/10/2006 10:30,109,SW
7/10/2006 10:45,140,SW
7/10/2006 11:00,80,SW
7/10/2006 11:15,149,SW
7/10/2006 11:30,129,SW
7/10/2006 11:45,144,SW
7/10/2006 12:00,134,SW
7/10/2006 12:15,171,SW
7/10/2006 12:30,128,SW
7/10/2006 12:45,156,SW
7/10/2006 13:00,154,SW
7/10/2006 13:15,135,SW
7/10/2006 13:30,129,SW
7/10/2006 13:45,133,SW
7/10/2006 14:00,182,SW
7/10/2006 14:15,142,SW
7/10/2006 14:30,159,SW
7/10/2006 14:45,142,SW
7/10/2006 15:00,138,SW
7/10/2006 15:15,155,SW
7/10/2006 15:30,131,SW
7/10/2006 15:45,166,SW
7/10/2006 16:00,165,SW
7/10/2006 16:15,191,SW
7/10/2006 16:30,139,SW
7/10/2006 16:45,179,SW
7/10/2006 17:00,149,SW
7/10/2006 17:15,148,SW
7/10/2006 17:30,140,SW
7/10/2006 17:45,127,SW
7/10/2006 18:00,137,SW
7/10/2006 18:15,142,SW
7/10/2006 18:30,113,SW
7/10/2006 18:45,121,SW
7/10/2006 19:00,97,SW
7/10/2006 19:15,109,SW
7/10/2006 19:30,92,SW
7/10/2006 19:45,90,SW
7/10/2006 20:00,84,SW
7/10/2006 20:15,66,SW
7/10/2006 20:30,61,SW
7/10/2006 20:45,68,SW
7/10/2006 21:00,102,SW
7/10/2006 21:15,97,SW
7/10/2006 21:30,57,SW
7/10/2006 21:45,77,SW
7/10/2006 22:00,62,SW
7/10/2006 22:15,62,SW
7/10/2006 22:30,89,SW
7/10/2006 22:45,60,SW
7/10/2006 23:00,84,SW
7/10/2006 23:15,83,SW
7/10/2006 23:30,70,SW
7/10/2006 23:45,99,SW
8/10/2006 00:00,68,SW
8/10/2006 00:15,66,SW
8/10/2006 00:30,86,SW
8/10/2006 00:45,75,SW
8/10/2006 01:00,40,SW
8/10/2006 01:15,53,SW
8/10/2006 01:30,59,SW
8/10/2006 01:45,56,SW
8/10/2006 02:00,47,SW
8/10/2006 02:15,36,SW
8/10/2006 02:30,30,SW
8/10/2006 02:45,28,SW
8/10/2006 03:00,39,SW
8/10/2006 03:15,22,SW
8/10/2006 03:30,17,SW
8/10/2006 03:45,15,SW
8/10/2006 04:00,26,SW
8/10/2006 04:15,21,SW
8/10/2006 04:30,23,SW
8/10/2006 04:45,21,SW
8/10/2006 05:00,14,SW
8/10/2006 05:15,21,SW
8/10/2006 05:30,13,SW
8/10/2006 05:45,18,SW
8/10/2006 06:00,20,SW
8/10/2006 06:15,35,SW
8/10/2006 06:30,8,SW
8/10/2006 06:45,19,SW
8/10/2006 07:00,24,SW
8/10/2006 07:15,22,SW
8/10/2006 07:30,36,SW
8/10/2006 07:45,29,SW
8/10/2006 08:00,28,SW
8/10/2006 08:15,27,SW
8/10/2006 08:30,42,SW
8/10/2006 08:45,38,SW
8/10/2006 09:00,42,SW
8/10/2006 09:15,73,SW
8/10/2006 09:30,56,SW
8/10/2006 09:45,44,SW
8/10/2006 10:00,103,SW
8/10/2006 10:15,81,SW
8/10/2006 10:30,98,SW
8/10/2006 10:45,125,SW
8/10/2006 11:00,98,SW
8/10/2006 11:15,88,SW
8/10/2006 11:30,95,SW
8/10/2006 11:45,158,SW
8/10/2006 12:00,145,SW
8/10/2006 12:15,163,SW
8/10/2006 12:30,160,SW
8/10/2006 12:45,136,SW
8/10/2006 13:00,151,SW
8/10/2006 13:15,134,SW
8/10/2006 13:30,168,SW
8/10/2006 13:45,132,SW
8/10/2006 14:00,148,SW
8/10/2006 14:15,150,SW
8/10/2006 14:30,177,SW
8/10/2006 14:45,131,SW
8/10/2006 15:00,114,SW
8/10/2006 15:15,150,SW
8/10/2006 15:30,145,SW
8/10/2006 15:45,168,SW
8/10/2006 16:00,118,SW
8/10/2006 16:15,165,SW
8/10/2006 16:30,207,SW
8/10/2006 16:45,162,SW
8/10/2006 17:00,156,SW
8/10/2006 17:15,137,SW
8/10/2006 17:30,142,SW
8/10/2006 17:45,134,SW
8/10/2006 18:00,157,SW
8/10/2006 18:15,124,SW
8/10/2006 18:30,111,SW
8/10/2006 18:45,82,SW
8/10/2006 19:00,91,SW
8/10/2006 19:15,100,SW
8/10/2006 19:30,89,SW
8/10/2006 19:45,67,SW
8/10/2006 20:00,77,SW
8/10/2006 20:15,82,SW
8/10/2006 20:30,66,SW
8/10/2006 20:45,51,SW
8/10/2006 21:00,68,SW
8/10/2006 21:15,70,SW
8/10/2006 21:30,34,SW
8/10/2006 21:45,61,SW
8/10/2006 22:00,29,SW
8/10/2006 22:15,63,SW
8/10/2006 22:30,35,SW
8/10/2006 22:45,64,SW
8/10/2006 23:00,44,SW
8/10/2006 23:15,37,SW
8/10/2006 23:30,37,SW
8/10/2006 23:45,57,SW
9/10/2006 00:00,31,SW
9/10/2006 00:15,38,SW
9/10/2006 00:30,13,SW
9/10/2006 00:45,9,SW
9/10/2006 01:00,11,SW
9/10/2006 01:15,6,SW
9/10/2006 01:30,8,SW
9/10/2006 01:45,8,SW
9/10/2006 02:00,5,SW
9/10/2006 02:15,6,SW
9/10/2006 02:30,8,SW
9/10/2006 02:45,7,SW
9/10/2006 03:00,7,SW
9/10/2006 03:15,1,SW
9/10/2006 03:30,4,SW
9/10/2006 03:45,2,SW
9/10/2006 04:00,6,SW
9/10/2006 04:15,9,SW
9/10/2006 04:30,6,SW
9/10/2006 04:45,24,SW
9/10/2006 05:00,27,SW
9/10/2006 05:15,32,SW
9/10/2006 05:30,38,SW
9/10/2006 05:45,59,SW
9/10/2006 06:00,58,SW
9/10/2006 06:15,57,SW
9/10/2006 06:30,123,SW
9/10/2006 06:45,124,SW
9/10/2006 07:00,150,SW
9/10/2006 07:15,192,SW
9/10/2006 07:30,157,SW
9/10/2006 07:45,142,SW
9/10/2006 08:00,103,SW
9/10/2006 08:15,125,SW
9/10/2006 08:30,148,SW
9/10/2006 08:45,108,SW
9/10/2006 09:00,103,SW
9/10/2006 09:15,96,SW
9/10/2006 09:30,97,SW
9/10/2006 09:45,99,SW
9/10/2006 10:00,107,SW
9/10/2006 10:15,121,SW
9/10/2006 10:30,95,SW
9/10/2006 10:45,138,SW
9/10/2006 11:00,117,SW
9/10/2006 11:15,127,SW
9/10/2006 11:30,149,SW
9/10/2006 11:45,128,SW
9/10/2006 12:00,111,SW
9/10/2006 12:15,111,SW
9/10/2006 12:30,131,SW
9/10/2006 12:45,138,SW
9/10/2006 13:00,122,SW
9/10/2006 13:15,110,SW
9/10/2006 13:30,147,SW
9/10/2006 13:45,125,SW
9/10/2006 14:00,155,SW
9/10/2006 14:15,150,SW
9/10/2006 14:30,146,SW
9/10/2006 14:45,181,SW
9/10/2006 15:00,164,SW
9/10/2006 15:15,161,SW
9/10/2006 15:30,169,SW
9/10/2006 15:45,174,SW
9/10/2006 16:00,203,SW
9/10/2006 16:15,208,SW
9/10/2006 16:30,197,SW
9/10/2006 16:45,188,SW
9/10/2006 17:00,240,SW
9/10/2006 17:15,219,SW
9/10/2006 17:30,278,SW
9/10/2006 17:45,109,SW
9/10/2006 18:00,254,SW
9/10/2006 18:15,222,SW
9/10/2006 18:30,242,SW
9/10/2006 18:45,196,SW
9/10/2006 19:00,109,SW
9/10/2006 19:15,150,SW
9/10/2006 19:30,115,SW
9/10/2006 19:45,136,SW
9/10/2006 20:00,98,SW
9/10/2006 20:15,119,SW
9/10/2006 20:30,81,SW
9/10/2006 20:45,68,SW
9/10/2006 21:00,55,SW
9/10/2006 21:15,88,SW
9/10/2006 21:30,47,SW
9/10/2006 21:45,74,SW
9/10/2006 22:00,68,SW
9/10/2006 22:15,52,SW
9/10/2006 22:30,81,SW
9/10/2006 22:45,40,SW
9/10/2006 23:00,56,SW
9/10/2006 23:15,26,SW
9/10/2006 23:30,48,SW
9/10/2006 23:45,50,SW
10/10/2006 00:00,65,SW
10/10/2006 00:15,14,SW
10/10/2006 00:30,46,SW
10/10/2006 00:45,11,SW
10/10/2006 01:00,7,SW
10/10/2006 01:15,7,SW
10/10/2006 01:30,4,SW
10/10/2006 01:45,7,SW
10/10/2006 02:00,5,SW
10/10/2006 02:15,8,SW
10/10/2006 02:30,5,SW
10/10/2006 02:45,8,SW
10/10/2006 03:00,3,SW
10/10/2006 03:15,3,SW
10/10/2006 03:30,2,SW
10/10/2006 03:45,4,SW
10/10/2006 04:00,4,SW
10/10/2006 04:15,9,SW
10/10/2006 04:30,7,SW
10/10/2006 04:45,6,SW
10/10/2006 05:00,34,SW
10/10/2006 05:15,33,SW
10/10/2006 05:30,42,SW
10/10/2006 05:45,45,SW
10/10/2006 06:00,80,SW
10/10/2006 06:15,62,SW
10/10/2006 06:30,102,SW
10/10/2006 06:45,104,SW
10/10/2006 07:00,139,SW
10/10/2006 07:15,125,SW
10/10/2006 07:30,134,SW
10/10/2006 07:45,142,SW
10/10/2006 08:00,125,SW
10/10/2006 08:15,115,SW
10/10/2006 08:30,132,SW
10/10/2006 08:45,123,SW
10/10/2006 09:00,111,SW
10/10/2006 09:15,104,SW
10/10/2006 09:30,93,SW
10/10/2006 09:45,111,SW
10/10/2006 10:00,111,SW
10/10/2006 10:15,111,SW
10/10/2006 10:30,99,SW
10/10/2006 10:45,139,SW
10/10/2006 11:00,95,SW
10/10/2006 11:15,143,SW
10/10/2006 11:30,142,SW
10/10/2006 11:45,122,SW
10/10/2006 12:00,122,SW
10/10/2006 12:15,121,SW
10/10/2006 12:30,139,SW
10/10/2006 12:45,134,SW
10/10/2006 13:00,131,SW
10/10/2006 13:15,132,SW
10/10/2006 13:30,112,SW
10/10/2006 13:45,123,SW
10/10/2006 14:00,187,SW
10/10/2006 14:15,148,SW
10/10/2006 14:30,137,SW
10/10/2006 14:45,163,SW
10/10/2006 15:00,153,SW
10/10/2006 15:15,166,SW
10/10/2006 15:30,189,SW
10/10/2006 15:45,197,SW
10/10/2006 16:00,157,SW
10/10/2006 16:15,185,SW
10/10/2006 16:30,200,SW
10/10/2006 16:45,190,SW
10/10/2006 17:00,228,SW
10/10/2006 17:15,201,SW
10/10/2006 17:30,228,SW
10/10/2006 17:45,224,SW
10/10/2006 18:00,247,SW
10/10/2006 18:15,195,SW
10/10/2006 18:30,260,SW
10/10/2006 18:45,171,SW
10/10/2006 19:00,160,SW
10/10/2006 19:15,168,SW
10/10/2006 19:30,111,SW
10/10/2006 19:45,110,SW
10/10/2006 20:00,119,SW
10/10/2006 20:15,117,SW
10/10/2006 20:30,101,SW
10/10/2006 20:45,73,SW
10/10/2006 21:00,83,SW
10/10/2006 21:15,97,SW
10/10/2006 21:30,84,SW
10/10/2006 21:45,107,SW
10/10/2006 22:00,71,SW
10/10/2006 22:15,90,SW
10/10/2006 22:30,85,SW
10/10/2006 22:45,104,SW
10/10/2006 23:00,73,SW
10/10/2006 23:15,61,SW
10/10/2006 23:30,45,SW
10/10/2006 23:45,58,SW
11/10/2006 00:00,66,SW
11/10/2006 00:15,51,SW
11/10/2006 00:30,37,SW
11/10/2006 00:45,20,SW
11/10/2006 01:00,11,SW
11/10/2006 01:15,6,SW
11/10/2006 01:30,9,SW
11/10/2006 01:45,6,SW
11/10/2006 02:00,4,SW
11/10/2006 02:15,3,SW
11/10/2006 02:30,4,SW
11/10/2006 02:45,5,SW
11/10/2006 03:00,6,SW
11/10/2006 03:15,6,SW
11/10/2006 03:30,3,SW
11/10/2006 03:45,4,SW
11/10/2006 04:00,6,SW
11/10/2006 04:15,8,SW
11/10/2006 04:30,9,SW
11/10/2006 04:45,19,SW
11/10/2006 05:00,21,SW
11/10/2006 05:15,36,SW
11/10/2006 05:30,39,SW
11/10/2006 05:45,44,SW
11/10/2006 06:00,115,SW
11/10/2006 06:15,67,SW
11/10/2006 06:30,86,SW
11/10/2006 06:45,134,SW
11/10/2006 07:00,115,SW
11/10/2006 07:15,128,SW
11/10/2006 07:30,134,SW
11/10/2006 07:45,110,SW
11/10/2006 08:00,103,SW
11/10/2006 08:15,130,SW
11/10/2006 08:30,121,SW
11/10/2006 08:45,124,SW
11/10/2006 09:00,101,SW
11/10/2006 09:15,95,SW
11/10/2006 09:30,77,SW
11/10/2006 09:45,122,SW
11/10/2006 10:00,71,SW
11/10/2006 10:15,113,SW
11/10/2006 10:30,121,SW
11/10/2006 10:45,142,SW
11/10/2006 11:00,135,SW
11/10/2006 11:15,117,SW
11/10/2006 11:30,144,SW
11/10/2006 11:45,123,SW
11/10/2006 12:00,116,SW
11/10/2006 12:15,120,SW
11/10/2006 12:30,132,SW
11/10/2006 12:45,145,SW
11/10/2006 13:00,123,SW
11/10/2006 13:15,128,SW
11/10/2006 13:30,111,SW
11/10/2006 13:45,110,SW
11/10/2006 14:00,160,SW
11/10/2006 14:15,162,SW
11/10/2006 14:30,132,SW
11/10/2006 14:45,148,SW
11/10/2006 15:00,169,SW
11/10/2006 15:15,156,SW
11/10/2006 15:30,168,SW
11/10/2006 15:45,182,SW
11/10/2006 16:00,160,SW
11/10/2006 16:15,161,SW
11/10/2006 16:30,168,SW
11/10/2006 16:45,191,SW
11/10/2006 17:00,202,SW
11/10/2006 17:15,222,SW
11/10/2006 17:30,215,SW
11/10/2006 17:45,180,SW
11/10/2006 18:00,247,SW
11/10/2006 18:15,251,SW
11/10/2006 18:30,239,SW
11/10/2006 18:45,212,SW
11/10/2006 19:00,152,SW
11/10/2006 19:15,148,SW
11/10/2006 19:30,98,SW
11/10/2006 19:45,131,SW
11/10/2006 20:00,115,SW
11/10/2006 20:15,114,SW
11/10/2006 20:30,85,SW
11/10/2006 20:45,69,SW
11/10/2006 21:00,74,SW
11/10/2006 21:15,108,SW
11/10/2006 21:30,96,SW
11/10/2006 21:45,68,SW
11/10/2006 22:00,82,SW
11/10/2006 22:15,98,SW
11/10/2006 22:30,74,SW
11/10/2006 22:45,94,SW
11/10/2006 23:00,63,SW
11/10/2006 23:15,52,SW
11/10/2006 23:30,71,SW
11/10/2006 23:45,30,SW
12/10/2006 00:00,35,SW
12/10/2006 00:15,40,SW
12/10/2006 00:30,29,SW
12/10/2006 00:45,24,SW
12/10/2006 01:00,6,SW
12/10/2006 01:15,9,SW
12/10/2006 01:30,11,SW
12/10/2006 01:45,13,SW
12/10/2006 02:00,8,SW
12/10/2006 02:15,11,SW
12/10/2006 02:30,3,SW
12/10/2006 02:45,6,SW
12/10/2006 03:00,12,SW
12/10/2006 03:15,12,SW
12/10/2006 03:30,4,SW
12/10/2006 03:45,6,SW
12/10/2006 04:00,4,SW
12/10/2006 04:15,7,SW
12/10/2006 04:30,5,SW
12/10/2006 04:45,21,SW
12/10/2006 05:00,23,SW
12/10/2006 05:15,34,SW
12/10/2006 05:30,16,SW
12/10/2006 05:45,48,SW
12/10/2006 06:00,67,SW
12/10/2006 06:15,82,SW
12/10/2006 06:30,84,SW
12/10/2006 06:45,89,SW
12/10/2006 07:00,185,SW
12/10/2006 07:15,120,SW
12/10/2006 07:30,133,SW
12/10/2006 07:45,119,SW
12/10/2006 08:00,124,SW
12/10/2006 08:15,106,SW
12/10/2006 08:30,142,SW
12/10/2006 08:45,111,SW
12/10/2006 09:00,97,SW
12/10/2006 09:15,153,SW
12/10/2006 09:30,87,SW
12/10/2006 09:45,89,SW
12/10/2006 10:00,108,SW
12/10/2006 10:15,116,SW
12/10/2006 10:30,99,SW
12/10/2006 10:45,140,SW
12/10/2006 11:00,128,SW
12/10/2006 11:15,105,SW
12/10/2006 11:30,142,SW
12/10/2006 11:45,151,SW
12/10/2006 12:00,131,SW
12/10/2006 12:15,151,SW
12/10/2006 12:30,146,SW
12/10/2006 12:45,131,SW
12/10/2006 13:00,153,SW
12/10/2006 13:15,105,SW
12/10/2006 13:30,163,SW
12/10/2006 13:45,111,SW
12/10/2006 14:00,141,SW
12/10/2006 14:15,176,SW
12/10/2006 14:30,150,SW
12/10/2006 14:45,182,SW
12/10/2006 15:00,137,SW
12/10/2006 15:15,195,SW
12/10/2006 15:30,179,SW
12/10/2006 15:45,166,SW
12/10/2006 16:00,161,SW
12/10/2006 16:15,190,SW
12/10/2006 16:30,169,SW
12/10/2006 16:45,165,SW
12/10/2006 17:00,201,SW
12/10/2006 17:15,208,SW
12/10/2006 17:30,184,SW
12/10/2006 17:45,234,SW
12/10/2006 18:00,238,SW
12/10/2006 18:15,210,SW
12/10/2006 18:30,209,SW
12/10/2006 18:45,177,SW
12/10/2006 19:00,149,SW
12/10/2006 19:15,153,SW
12/10/2006 19:30,158,SW
12/10/2006 19:45,103,SW
12/10/2006 20:00,127,SW
12/10/2006 20:15,120,SW
12/10/2006 20:30,80,SW
12/10/2006 20:45,84,SW
12/10/2006 21:00,99,SW
12/10/2006 21:15,112,SW
12/10/2006 21:30,115,SW
12/10/2006 21:45,69,SW
12/10/2006 22:00,82,SW
12/10/2006 22:15,81,SW
12/10/2006 22:30,82,SW
12/10/2006 22:45,62,SW
12/10/2006 23:00,73,SW
12/10/2006 23:15,60,SW
12/10/2006 23:30,56,SW
12/10/2006 23:45,58,SW
13/10/2006 00:00,47,SW
13/10/2006 00:15,40,SW
13/10/2006 00:30,49,SW
13/10/2006 00:45,17,SW
13/10/2006 01:00,20,SW
13/10/2006 01:15,23,SW
13/10/2006 01:30,9,SW
13/10/2006 01:45,18,SW
13/10/2006 02:00,14,SW
13/10/2006 02:15,7,SW
13/10/2006 02:30,12,SW
13/10/2006 02:45,12,SW
13/10/2006 03:00,8,SW
13/10/2006 03:15,6,SW
13/10/2006 03:30,3,SW
13/10/2006 03:45,8,SW
13/10/2006 04:00,5,SW
13/10/2006 04:15,6,SW
13/10/2006 04:30,10,SW
13/10/2006 04:45,14,SW
13/10/2006 05:00,7,SW
13/10/2006 05:15,27,SW
13/10/2006 05:30,42,SW
13/10/2006 05:45,50,SW
13/10/2006 06:00,48,SW
13/10/2006 06:15,78,SW
13/10/2006 06:30,115,SW
13/10/2006 06:45,91,SW
13/10/2006 07:00,173,SW
13/10/2006 07:15,118,SW
13/10/2006 07:30,134,SW
13/10/2006 07:45,130,SW
13/10/2006 08:00,137,SW
13/10/2006 08:15,142,SW
13/10/2006 08:30,133,SW
13/10/2006 08:45,159,SW
13/10/2006 09:00,104,SW
13/10/2006 09:15,113,SW
13/10/2006 09:30,112,SW
13/10/2006 09:45,112,SW
13/10/2006 10:00,106,SW
13/10/2006 10:15,145,SW
13/10/2006 10:30,113,SW
13/10/2006 10:45,122,SW
13/10/2006 11:00,107,SW
13/10/2006 11:15,113,SW
13/10/2006 11:30,101,SW
13/10/2006 11:45,175,SW
13/10/2006 12:00,129,SW
13/10/2006 12:15,132,SW
13/10/2006 12:30,105,SW
13/10/2006 12:45,145,SW
13/10/2006 13:00,150,SW
13/10/2006 13:15,138,SW
13/10/2006 13:30,160,SW
13/10/2006 13:45,120,SW
13/10/2006 14:00,114,SW
13/10/2006 14:15,167,SW
13/10/2006 14:30,155,SW
13/10/2006 14:45,146,SW
13/10/2006 15:00,163,SW
13/10/2006 15:15,218,SW
13/10/2006 15:30,176,SW
13/10/2006 15:45,204,SW
13/10/2006 16:00,187,SW
13/10/2006 16:15,218,SW
13/10/2006 16:30,209,SW
13/10/2006 16:45,178,SW
13/10/2006 17:00,187,SW
13/10/2006 17:15,255,SW
13/10/2006 17:30,203,SW
13/10/2006 17:45,275,SW
13/10/2006 18:00,282,SW
13/10/2006 18:15,186,SW
13/10/2006 18:30,231,SW
13/10/2006 18:45,239,SW
13/10/2006 19:00,203,SW
13/10/2006 19:15,152,SW
13/10/2006 19:30,126,SW
13/10/2006 19:45,104,SW
13/10/2006 20:00,133,SW
13/10/2006 20:15,115,SW
13/10/2006 20:30,85,SW
13/10/2006 20:45,83,SW
13/10/2006 21:00,120,SW
13/10/2006 21:15,117,SW
13/10/2006 21:30,85,SW
13/10/2006 21:45,82,SW
13/10/2006 22:00,60,SW
13/10/2006 22:15,86,SW
13/10/2006 22:30,82,SW
13/10/2006 22:45,104,SW
13/10/2006 23:00,72,SW
13/10/2006 23:15,127,SW
13/10/2006 23:30,101,SW
13/10/2006 23:45,84,SW
14/10/2006 00:00,75,SW
14/10/2006 00:15,57,SW
14/10/2006 00:30,74,SW
14/10/2006 00:45,57,SW
14/10/2006 01:00,74,SW
14/10/2006 01:15,42,SW
14/10/2006 01:30,62,SW
14/10/2006 01:45,27,SW
14/10/2006 02:00,27,SW
14/10/2006 02:15,29,SW
14/10/2006 02:30,23,SW
14/10/2006 02:45,27,SW
14/10/2006 03:00,14,SW
14/10/2006 03:15,24,SW
14/10/2006 03:30,27,SW
14/10/2006 03:45,13,SW
14/10/2006 04:00,15,SW
14/10/2006 04:15,12,SW
14/10/2006 04:30,20,SW
14/10/2006 04:45,20,SW
14/10/2006 05:00,23,SW
14/10/2006 05:15,47,SW
14/10/2006 05:30,34,SW
14/10/2006 05:45,33,SW
14/10/2006 06:00,36,SW
14/10/2006 06:15,48,SW
14/10/2006 06:30,19,SW
14/10/2006 06:45,39,SW
14/10/2006 07:00,50,SW
14/10/2006 07:15,107,SW
14/10/2006 07:30,45,SW
14/10/2006 07:45,62,SW
14/10/2006 08:00,81,SW
14/10/2006 08:15,73,SW
14/10/2006 08:30,78,SW
14/10/2006 08:45,88,SW
14/10/2006 09:00,120,SW
14/10/2006 09:15,119,SW
14/10/2006 09:30,99,SW
14/10/2006 09:45,104,SW
14/10/2006 10:00,128,SW
14/10/2006 10:15,122,SW
14/10/2006 10:30,139,SW
14/10/2006 10:45,129,SW
14/10/2006 11:00,130,SW
14/10/2006 11:15,117,SW
14/10/2006 11:30,180,SW
14/10/2006 11:45,113,SW
14/10/2006 12:00,136,SW
14/10/2006 12:15,163,SW
14/10/2006 12:30,136,SW
14/10/2006 12:45,164,SW
14/10/2006 13:00,111,SW
14/10/2006 13:15,145,SW
14/10/2006 13:30,178,SW
14/10/2006 13:45,166,SW
14/10/2006 14:00,160,SW
14/10/2006 14:15,138,SW
14/10/2006 14:30,180,SW
14/10/2006 14:45,172,SW
14/10/2006 15:00,186,SW
14/10/2006 15:15,158,SW
14/10/2006 15:30,156,SW
14/10/2006 15:45,152,SW
14/10/2006 16:00,151,SW
14/10/2006 16:15,146,SW
14/10/2006 16:30,158,SW
14/10/2006 16:45,154,SW
14/10/2006 17:00,148,SW
14/10/2006 17:15,146,SW
14/10/2006 17:30,132,SW
14/10/2006 17:45,181,SW
14/10/2006 18:00,128,SW
14/10/2006 18:15,124,SW
14/10/2006 18:30,118,SW
14/10/2006 18:45,154,SW
14/10/2006 19:00,100,SW
14/10/2006 19:15,117,SW
14/10/2006 19:30,80,SW
14/10/2006 19:45,74,SW
14/10/2006 20:00,91,SW
14/10/2006 20:15,57,SW
14/10/2006 20:30,63,SW
14/10/2006 20:45,77,SW
14/10/2006 21:00,90,SW
14/10/2006 21:15,82,SW
14/10/2006 21:30,70,SW
14/10/2006 21:45,41,SW
14/10/2006 22:00,79,SW
14/10/2006 22:15,85,SW
14/10/2006 22:30,59,SW
14/10/2006 22:45,100,SW
14/10/2006 23:00,62,SW
14/10/2006 23:15,75,SW
14/10/2006 23:30,93,SW
14/10/2006 23:45,93,SW
15/10/2006 00:00,78,SW
15/10/2006 00:15,67,SW
15/10/2006 00:30,53,SW
15/10/2006 00:45,102,SW
15/10/2006 01:00,45,SW
15/10/2006 01:15,74,SW
15/10/2006 01:30,51,SW
15/10/2006 01:45,36,SW
15/10/2006 02:00,25,SW
15/10/2006 02:15,36,SW
15/10/2006 02:30,23,SW
15/10/2006 02:45,24,SW
15/10/2006 03:00,27,SW
15/10/2006 03:15,27,SW
15/10/2006 03:30,16,SW
15/10/2006 03:45,24,SW
15/10/2006 04:00,37,SW
15/10/2006 04:15,23,SW
15/10/2006 04:30,21,SW
15/10/2006 04:45,13,SW
15/10/2006 05:00,14,SW
15/10/2006 05:15,13,SW
15/10/2006 05:30,18,SW
15/10/2006 05:45,20,SW
15/10/2006 06:00,9,SW
15/10/2006 06:15,34,SW
15/10/2006 06:30,20,SW
15/10/2006 06:45,21,SW
15/10/2006 07:00,22,SW
15/10/2006 07:15,23,SW
15/10/2006 07:30,32,SW
15/10/2006 07:45,29,SW
15/10/2006 08:00,20,SW
15/10/2006 08:15,36,SW
15/10/2006 08:30,39,SW
15/10/2006 08:45,61,SW
15/10/2006 09:00,51,SW
15/10/2006 09:15,58,SW
15/10/2006 09:30,69,SW
15/10/2006 09:45,94,SW
15/10/2006 10:00,71,SW
15/10/2006 10:15,80,SW
15/10/2006 10:30,75,SW
15/10/2006 10:45,117,SW
15/10/2006 11:00,85,SW
15/10/2006 11:15,150,SW
15/10/2006 11:30,157,SW
15/10/2006 11:45,122,SW
15/10/2006 12:00,158,SW
15/10/2006 12:15,142,SW
15/10/2006 12:30,113,SW
15/10/2006 12:45,129,SW
15/10/2006 13:00,123,SW
15/10/2006 13:15,165,SW
15/10/2006 13:30,134,SW
15/10/2006 13:45,130,SW
15/10/2006 14:00,142,SW
15/10/2006 14:15,144,SW
15/10/2006 14:30,173,SW
15/10/2006 14:45,147,SW
15/10/2006 15:00,138,SW
15/10/2006 15:15,158,SW
15/10/2006 15:30,145,SW
15/10/2006 15:45,154,SW
15/10/2006 16:00,152,SW
15/10/2006 16:15,125,SW
15/10/2006 16:30,194,SW
15/10/2006 16:45,155,SW
15/10/2006 17:00,166,SW
15/10/2006 17:15,142,SW
15/10/2006 17:30,135,SW
15/10/2006 17:45,94,SW
15/10/2006 18:00,130,SW
15/10/2006 18:15,120,SW
15/10/2006 18:30,142,SW
15/10/2006 18:45,121,SW
15/10/2006 19:00,88,SW
15/10/2006 19:15,85,SW
15/10/2006 19:30,88,SW
15/10/2006 19:45,79,SW
15/10/2006 20:00,69,SW
15/10/2006 20:15,57,SW
15/10/2006 20:30,84,SW
15/10/2006 20:45,64,SW
15/10/2006 21:00,72,SW
15/10/2006 21:15,60,SW
15/10/2006 21:30,60,SW
15/10/2006 21:45,48,SW
15/10/2006 22:00,60,SW
15/10/2006 22:15,44,SW
15/10/2006 22:30,43,SW
15/10/2006 22:45,51,SW
15/10/2006 23:00,57,SW
15/10/2006 23:15,41,SW
15/10/2006 23:30,36,SW
15/10/2006 23:45,57,SW
16/10/2006 00:00,29,SW
16/10/2006 00:15,30,SW
16/10/2006 00:30,12,SW
16/10/2006 00:45,15,SW
16/10/2006 01:00,15,SW
16/10/2006 01:15,5,SW
16/10/2006 01:30,4,SW
16/10/2006 01:45,7,SW
16/10/2006 02:00,6,SW
16/10/2006 02:15,8,SW
16/10/2006 02:30,6,SW
16/10/2006 02:45,3,SW
16/10/2006 03:00,3,SW
16/10/2006 03:15,6,SW
16/10/2006 03:30,6,SW
16/10/2006 03:45,6,SW
16/10/2006 04:00,7,SW
16/10/2006 04:15,9,SW
16/10/2006 04:30,6,SW
16/10/2006 04:45,30,SW
16/10/2006 05:00,25,SW
16/10/2006 05:15,35,SW
16/10/2006 05:30,80,SW
16/10/2006 05:45,48,SW
16/10/2006 06:00,78,SW
16/10/2006 06:15,96,SW
16/10/2006 06:30,74,SW
16/10/2006 06:45,116,SW
16/10/2006 07:00,196,SW
16/10/2006 07:15,140,SW
16/10/2006 07:30,175,SW
16/10/2006 07:45,143,SW
16/10/2006 08:00,151,SW
16/10/2006 08:15,102,SW
16/10/2006 08:30,112,SW
16/10/2006 08:45,160,SW
16/10/2006 09:00,136,SW
16/10/2006 09:15,70,SW
16/10/2006 09:30,135,SW
16/10/2006 09:45,73,SW
16/10/2006 10:00,148,SW
16/10/2006 10:15,154,SW
16/10/2006 10:30,117,SW
16/10/2006 10:45,62,SW
16/10/2006 11:00,55,SW
16/10/2006 11:15,141,SW
16/10/2006 11:30,130,SW
16/10/2006 11:45,115,SW
16/10/2006 12:00,126,SW
16/10/2006 12:15,125,SW
16/10/2006 12:30,120,SW
16/10/2006 12:45,163,SW
16/10/2006 13:00,138,SW
16/10/2006 13:15,135,SW
16/10/2006 13:30,127,SW
16/10/2006 13:45,126,SW
16/10/2006 14:00,144,SW
16/10/2006 14:15,161,SW
16/10/2006 14:30,150,SW
16/10/2006 14:45,162,SW
16/10/2006 15:00,178,SW
16/10/2006 15:15,156,SW
16/10/2006 15:30,191,SW
16/10/2006 15:45,186,SW
16/10/2006 16:00,257,SW
16/10/2006 16:15,147,SW
16/10/2006 16:30,160,SW
16/10/2006 16:45,141,SW
16/10/2006 17:00,202,SW
16/10/2006 17:15,158,SW
16/10/2006 17:30,147,SW
16/10/2006 17:45,172,SW
16/10/2006 18:00,194,SW
16/10/2006 18:15,143,SW
16/10/2006 18:30,147,SW
16/10/2006 18:45,203,SW
16/10/2006 19:00,195,SW
16/10/2006 19:15,109,SW
16/10/2006 19:30,118,SW
16/10/2006 19:45,101,SW
16/10/2006 20:00,125,SW
16/10/2006 20:15,64,SW
16/10/2006 20:30,87,SW
16/10/2006 20:45,66,SW
16/10/2006 21:00,60,SW
16/10/2006 21:15,88,SW
16/10/2006 21:30,73,SW
16/10/2006 21:45,68,SW
16/10/2006 22:00,42,SW
16/10/2006 22:15,63,SW
16/10/2006 22:30,65,SW
16/10/2006 22:45,50,SW
16/10/2006 23:00,84,SW
16/10/2006 23:15,31,SW
16/10/2006 23:30,55,SW
16/10/2006 23:45,69,SW
17/10/2006 00:00,30,SW
17/10/2006 00:15,25,SW
17/10/2006 00:30,48,SW
17/10/2006 00:45,12,SW
17/10/2006 01:00,14,SW
17/10/2006 01:15,8,SW
17/10/2006 01:30,8,SW
17/10/2006 01:45,7,SW
17/10/2006 02:00,7,SW
17/10/2006 02:15,6,SW
17/10/2006 02:30,8,SW
17/10/2006 02:45,8,SW
17/10/2006 03:00,3,SW
17/10/2006 03:15,7,SW
17/10/2006 03:30,4,SW
17/10/2006 03:45,3,SW
17/10/2006 04:00,7,SW
17/10/2006 04:15,4,SW
17/10/2006 04:30,5,SW
17/10/2006 04:45,9,SW
17/10/2006 05:00,37,SW
17/10/2006 05:15,29,SW
17/10/2006 05:30,57,SW
17/10/2006 05:45,20,SW
17/10/2006 06:00,65,SW
17/10/2006 06:15,81,SW
17/10/2006 06:30,68,SW
17/10/2006 06:45,153,SW
17/10/2006 07:00,123,SW
17/10/2006 07:15,160,SW
17/10/2006 07:30,110,SW
17/10/2006 07:45,138,SW
17/10/2006 08:00,110,SW
17/10/2006 08:15,111,SW
17/10/2006 08:30,137,SW
17/10/2006 08:45,142,SW
17/10/2006 09:00,138,SW
17/10/2006 09:15,106,SW
17/10/2006 09:30,117,SW
17/10/2006 09:45,90,SW
17/10/2006 10:00,106,SW
17/10/2006 10:15,131,SW
17/10/2006 10:30,122,SW
17/10/2006 10:45,133,SW
17/10/2006 11:00,136,SW
17/10/2006 11:15,127,SW
17/10/2006 11:30,113,SW
17/10/2006 11:45,127,SW
17/10/2006 12:00,114,SW
17/10/2006 12:15,134,SW
17/10/2006 12:30,127,SW
17/10/2006 12:45,120,SW
17/10/2006 13:00,164,SW
17/10/2006 13:15,110,SW
17/10/2006 13:30,127,SW
17/10/2006 13:45,112,SW
17/10/2006 14:00,140,SW
17/10/2006 14:15,153,SW
17/10/2006 14:30,135,SW
17/10/2006 14:45,151,SW
17/10/2006 15:00,226,SW
17/10/2006 15:15,153,SW
17/10/2006 15:30,175,SW
17/10/2006 15:45,166,SW
17/10/2006 16:00,229,SW
17/10/2006 16:15,161,SW
17/10/2006 16:30,190,SW
17/10/2006 16:45,179,SW
17/10/2006 17:00,210,SW
17/10/2006 17:15,223,SW
17/10/2006 17:30,219,SW
17/10/2006 17:45,248,SW
17/10/2006 18:00,206,SW
17/10/2006 18:15,226,SW
17/10/2006 18:30,184,SW
17/10/2006 18:45,179,SW
17/10/2006 19:00,171,SW
17/10/2006 19:15,128,SW
17/10/2006 19:30,111,SW
17/10/2006 19:45,113,SW
17/10/2006 20:00,99,SW
17/10/2006 20:15,84,SW
17/10/2006 20:30,61,SW
17/10/2006 20:45,91,SW
17/10/2006 21:00,93,SW
17/10/2006 21:15,106,SW
17/10/2006 21:30,77,SW
17/10/2006 21:45,92,SW
17/10/2006 22:00,61,SW
17/10/2006 22:15,71,SW
17/10/2006 22:30,79,SW
17/10/2006 22:45,91,SW
17/10/2006 23:00,60,SW
17/10/2006 23:15,37,SW
17/10/2006 23:30,64,SW
17/10/2006 23:45,74,SW
18/10/2006 00:00,55,SW
18/10/2006 00:15,16,SW
18/10/2006 00:30,32,SW
18/10/2006 00:45,18,SW
18/10/2006 01:00,14,SW
18/10/2006 01:15,17,SW
18/10/2006 01:30,12,SW
18/10/2006 01:45,14,SW
18/10/2006 02:00,6,SW
18/10/2006 02:15,9,SW
18/10/2006 02:30,1,SW
18/10/2006 02:45,4,SW
18/10/2006 03:00,8,SW
18/10/2006 03:15,14,SW
18/10/2006 03:30,5,SW
18/10/2006 03:45,3,SW
18/10/2006 04:00,6,SW
18/10/2006 04:15,6,SW
18/10/2006 04:30,7,SW
18/10/2006 04:45,9,SW
18/10/2006 05:00,28,SW
18/10/2006 05:15,35,SW
18/10/2006 05:30,55,SW
18/10/2006 05:45,19,SW
18/10/2006 06:00,65,SW
18/10/2006 06:15,91,SW
18/10/2006 06:30,63,SW
18/10/2006 06:45,114,SW
18/10/2006 07:00,160,SW
18/10/2006 07:15,172,SW
18/10/2006 07:30,139,SW
18/10/2006 07:45,94,SW
18/10/2006 08:00,139,SW
18/10/2006 08:15,73,SW
18/10/2006 08:30,128,SW
18/10/2006 08:45,178,SW
18/10/2006 09:00,95,SW
18/10/2006 09:15,97,SW
18/10/2006 09:30,85,SW
18/10/2006 09:45,117,SW
18/10/2006 10:00,220,SW
18/10/2006 10:15,115,SW
18/10/2006 10:30,83,SW
18/10/2006 10:45,156,SW
18/10/2006 11:00,114,SW
18/10/2006 11:15,104,SW
18/10/2006 11:30,142,SW
18/10/2006 11:45,131,SW
18/10/2006 12:00,136,SW
18/10/2006 12:15,99,SW
18/10/2006 12:30,154,SW
18/10/2006 12:45,123,SW
18/10/2006 13:00,153,SW
18/10/2006 13:15,130,SW
18/10/2006 13:30,145,SW
18/10/2006 13:45,138,SW
18/10/2006 14:00,180,SW
18/10/2006 14:15,149,SW
18/10/2006 14:30,152,SW
18/10/2006 14:45,138,SW
18/10/2006 15:00,213,SW
18/10/2006 15:15,171,SW
18/10/2006 15:30,200,SW
18/10/2006 15:45,156,SW
18/10/2006 16:00,206,SW
18/10/2006 16:15,156,SW
18/10/2006 16:30,181,SW
18/10/2006 16:45,207,SW
18/10/2006 17:00,196,SW
18/10/2006 17:15,271,SW
18/10/2006 17:30,193,SW
18/10/2006 17:45,226,SW
18/10/2006 18:00,202,SW
18/10/2006 18:15,235,SW
18/10/2006 18:30,187,SW
18/10/2006 18:45,206,SW
18/10/2006 19:00,166,SW
18/10/2006 19:15,120,SW
18/10/2006 19:30,115,SW
18/10/2006 19:45,167,SW
18/10/2006 20:00,79,SW
18/10/2006 20:15,95,SW
18/10/2006 20:30,114,SW
18/10/2006 20:45,115,SW
18/10/2006 21:00,70,SW
18/10/2006 21:15,117,SW
18/10/2006 21:30,80,SW
18/10/2006 21:45,91,SW
18/10/2006 22:00,66,SW
18/10/2006 22:15,71,SW
18/10/2006 22:30,102,SW
18/10/2006 22:45,70,SW
18/10/2006 23:00,84,SW
18/10/2006 23:15,45,SW
18/10/2006 23:30,68,SW
18/10/2006 23:45,83,SW
19/10/2006 00:00,48,SW
19/10/2006 00:15,16,SW
19/10/2006 00:30,30,SW
19/10/2006 00:45,16,SW
19/10/2006 01:00,19,SW
19/10/2006 01:15,17,SW
19/10/2006 01:30,10,SW
19/10/2006 01:45,5,SW
19/10/2006 02:00,8,SW
19/10/2006 02:15,8,SW
19/10/2006 02:30,4,SW
19/10/2006 02:45,5,SW
19/10/2006 03:00,15,SW
19/10/2006 03:15,7,SW
19/10/2006 03:30,15,SW
19/10/2006 03:45,7,SW
19/10/2006 04:00,5,SW
19/10/2006 04:15,7,SW
19/10/2006 04:30,4,SW
19/10/2006 04:45,10,SW
19/10/2006 05:00,30,SW
19/10/2006 05:15,36,SW
19/10/2006 05:30,26,SW
19/10/2006 05:45,42,SW
19/10/2006 06:00,69,SW
19/10/2006 06:15,76,SW
19/10/2006 06:30,88,SW
19/10/2006 06:45,134,SW
19/10/2006 07:00,168,SW
19/10/2006 07:15,154,SW
19/10/2006 07:30,159,SW
19/10/2006 07:45,131,SW
19/10/2006 08:00,118,SW
19/10/2006 08:15,134,SW
19/10/2006 08:30,115,SW
19/10/2006 08:45,111,SW
19/10/2006 09:00,97,SW
19/10/2006 09:15,119,SW
19/10/2006 09:30,112,SW
19/10/2006 09:45,96,SW
19/10/2006 10:00,140,SW
19/10/2006 10:15,115,SW
19/10/2006 10:30,109,SW
19/10/2006 10:45,136,SW
19/10/2006 11:00,139,SW
19/10/2006 11:15,131,SW
19/10/2006 11:30,107,SW
19/10/2006 11:45,125,SW
19/10/2006 12:00,133,SW
19/10/2006 12:15,126,SW
19/10/2006 12:30,135,SW
19/10/2006 12:45,153,SW
19/10/2006 13:00,137,SW
19/10/2006 13:15,119,SW
19/10/2006 13:30,131,SW
19/10/2006 13:45,93,SW
19/10/2006 14:00,142,SW
19/10/2006 14:15,162,SW
19/10/2006 14:30,121,SW
19/10/2006 14:45,170,SW
19/10/2006 15:00,177,SW
19/10/2006 15:15,196,SW
19/10/2006 15:30,179,SW
19/10/2006 15:45,194,SW
19/10/2006 16:00,187,SW
19/10/2006 16:15,162,SW
19/10/2006 16:30,163,SW
19/10/2006 16:45,232,SW
19/10/2006 17:00,202,SW
19/10/2006 17:15,216,SW
19/10/2006 17:30,253,SW
19/10/2006 17:45,232,SW
19/10/2006 18:00,276,SW
19/10/2006 18:15,224,SW
19/10/2006 18:30,185,SW
19/10/2006 18:45,183,SW
19/10/2006 19:00,150,SW
19/10/2006 19:15,158,SW
19/10/2006 19:30,125,SW
19/10/2006 19:45,134,SW
19/10/2006 20:00,121,SW
19/10/2006 20:15,82,SW
19/10/2006 20:30,124,SW
19/10/2006 20:45,89,SW
19/10/2006 21:00,101,SW
19/10/2006 21:15,117,SW
19/10/2006 21:30,94,SW
19/10/2006 21:45,79,SW
19/10/2006 22:00,68,SW
19/10/2006 22:15,82,SW
19/10/2006 22:30,77,SW
19/10/2006 22:45,62,SW
19/10/2006 23:00,58,SW
19/10/2006 23:15,74,SW
19/10/2006 23:30,47,SW
19/10/2006 23:45,65,SW
20/10/2006 00:00,58,SW
20/10/2006 00:15,28,SW
20/10/2006 00:30,61,SW
20/10/2006 00:45,16,SW
20/10/2006 01:00,15,SW
20/10/2006 01:15,17,SW
20/10/2006 01:30,15,SW
20/10/2006 01:45,13,SW
20/10/2006 02:00,14,SW
20/10/2006 02:15,11,SW
20/10/2006 02:30,6,SW
20/10/2006 02:45,8,SW
20/10/2006 03:00,18,SW
20/10/2006 03:15,8,SW
20/10/2006 03:30,7,SW
20/10/2006 03:45,6,SW
20/10/2006 04:00,16,SW
20/10/2006 04:15,6,SW
20/10/2006 04:30,4,SW
20/10/2006 04:45,7,SW
20/10/2006 05:00,11,SW
20/10/2006 05:15,38,SW
20/10/2006 05:30,35,SW
20/10/2006 05:45,53,SW
20/10/2006 06:00,59,SW
20/10/2006 06:15,72,SW
20/10/2006 06:30,96,SW
20/10/2006 06:45,119,SW
20/10/2006 07:00,157,SW
20/10/2006 07:15,137,SW
20/10/2006 07:30,106,SW
20/10/2006 07:45,131,SW
20/10/2006 08:00,127,SW
20/10/2006 08:15,96,SW
20/10/2006 08:30,133,SW
20/10/2006 08:45,153,SW
20/10/2006 09:00,97,SW
20/10/2006 09:15,138,SW
20/10/2006 09:30,128,SW
20/10/2006 09:45,88,SW
20/10/2006 10:00,101,SW
20/10/2006 10:15,118,SW
20/10/2006 10:30,91,SW
20/10/2006 10:45,137,SW
20/10/2006 11:00,89,SW
20/10/2006 11:15,120,SW
20/10/2006 11:30,110,SW
20/10/2006 11:45,167,SW
20/10/2006 12:00,139,SW
20/10/2006 12:15,156,SW
20/10/2006 12:30,128,SW
20/10/2006 12:45,172,SW
20/10/2006 13:00,132,SW
20/10/2006 13:15,187,SW
20/10/2006 13:30,156,SW
20/10/2006 13:45,146,SW
20/10/2006 14:00,174,SW
20/10/2006 14:15,145,SW
20/10/2006 14:30,144,SW
20/10/2006 14:45,157,SW
20/10/2006 15:00,197,SW
20/10/2006 15:15,180,SW
20/10/2006 15:30,189,SW
20/10/2006 15:45,218,SW
20/10/2006 16:00,230,SW
20/10/2006 16:15,192,SW
20/10/2006 16:30,193,SW
20/10/2006 16:45,205,SW
20/10/2006 17:00,220,SW
20/10/2006 17:15,225,SW
20/10/2006 17:30,268,SW
20/10/2006 17:45,250,SW
20/10/2006 18:00,225,SW
20/10/2006 18:15,261,SW
20/10/2006 18:30,199,SW
20/10/2006 18:45,183,SW
20/10/2006 19:00,129,SW
20/10/2006 19:15,165,SW
20/10/2006 19:30,144,SW
20/10/2006 19:45,156,SW
20/10/2006 20:00,109,SW
20/10/2006 20:15,123,SW
20/10/2006 20:30,101,SW
20/10/2006 20:45,79,SW
20/10/2006 21:00,71,SW
20/10/2006 21:15,84,SW
20/10/2006 21:30,89,SW
20/10/2006 21:45,61,SW
20/10/2006 22:00,97,SW
20/10/2006 22:15,92,SW
20/10/2006 22:30,76,SW
20/10/2006 22:45,81,SW
20/10/2006 23:00,79,SW
20/10/2006 23:15,83,SW
20/10/2006 23:30,71,SW
20/10/2006 23:45,97,SW
21/10/2006 00:00,53,SW
21/10/2006 00:15,80,SW
21/10/2006 00:30,69,SW
21/10/2006 00:45,56,SW
21/10/2006 01:00,75,SW
21/10/2006 01:15,30,SW
21/10/2006 01:30,52,SW
21/10/2006 01:45,30,SW
21/10/2006 02:00,30,SW
21/10/2006 02:15,20,SW
21/10/2006 02:30,21,SW
21/10/2006 02:45,23,SW
21/10/2006 03:00,10,SW
21/10/2006 03:15,16,SW
21/10/2006 03:30,15,SW
21/10/2006 03:45,18,SW
21/10/2006 04:00,19,SW
21/10/2006 04:15,14,SW
21/10/2006 04:30,16,SW
21/10/2006 04:45,15,SW
21/10/2006 05:00,37,SW
21/10/2006 05:15,30,SW
21/10/2006 05:30,15,SW
21/10/2006 05:45,45,SW
21/10/2006 06:00,41,SW
21/10/2006 06:15,42,SW
21/10/2006 06:30,28,SW
21/10/2006 06:45,40,SW
21/10/2006 07:00,69,SW
21/10/2006 07:15,89,SW
21/10/2006 07:30,32,SW
21/10/2006 07:45,70,SW
21/10/2006 08:00,112,SW
21/10/2006 08:15,82,SW
21/10/2006 08:30,89,SW
21/10/2006 08:45,123,SW
21/10/2006 09:00,98,SW
21/10/2006 09:15,79,SW
21/10/2006 09:30,129,SW
21/10/2006 09:45,137,SW
21/10/2006 10:00,107,SW
21/10/2006 10:15,114,SW
21/10/2006 10:30,103,SW
21/10/2006 10:45,114,SW
21/10/2006 11:00,153,SW
21/10/2006 11:15,143,SW
21/10/2006 11:30,142,SW
21/10/2006 11:45,139,SW
21/10/2006 12:00,174,SW
21/10/2006 12:15,176,SW
21/10/2006 12:30,149,SW
21/10/2006 12:45,162,SW
21/10/2006 13:00,141,SW
21/10/2006 13:15,151,SW
21/10/2006 13:30,155,SW
21/10/2006 13:45,133,SW
21/10/2006 14:00,131,SW
21/10/2006 14:15,160,SW
21/10/2006 14:30,144,SW
21/10/2006 14:45,133,SW
21/10/2006 15:00,159,SW
21/10/2006 15:15,139,SW
21/10/2006 15:30,119,SW
21/10/2006 15:45,174,SW
21/10/2006 16:00,85,SW
21/10/2006 16:15,139,SW
21/10/2006 16:30,158,SW
21/10/2006 16:45,185,SW
21/10/2006 17:00,127,SW
21/10/2006 17:15,174,SW
21/10/2006 17:30,145,SW
21/10/2006 17:45,153,SW
21/10/2006 18:00,145,SW
21/10/2006 18:15,116,SW
21/10/2006 18:30,143,SW
21/10/2006 18:45,119,SW
21/10/2006 19:00,92,SW
21/10/2006 19:15,94,SW
21/10/2006 19:30,117,SW
21/10/2006 19:45,82,SW
21/10/2006 20:00,68,SW
21/10/2006 20:15,74,SW
21/10/2006 20:30,75,SW
21/10/2006 20:45,64,SW
21/10/2006 21:00,70,SW
21/10/2006 21:15,66,SW
21/10/2006 21:30,80,SW
21/10/2006 21:45,62,SW
21/10/2006 22:00,90,SW
21/10/2006 22:15,76,SW
21/10/2006 22:30,85,SW
21/10/2006 22:45,90,SW
21/10/2006 23:00,113,SW
21/10/2006 23:15,106,SW
21/10/2006 23:30,84,SW
21/10/2006 23:45,75,SW
22/10/2006 00:00,78,SW
22/10/2006 00:15,71,SW
22/10/2006 00:30,72,SW
22/10/2006 00:45,52,SW
22/10/2006 01:00,46,SW
22/10/2006 01:15,51,SW
22/10/2006 01:30,52,SW
22/10/2006 01:45,39,SW
22/10/2006 02:00,30,SW
22/10/2006 02:15,31,SW
22/10/2006 02:30,32,SW
22/10/2006 02:45,36,SW
22/10/2006 03:00,25,SW
22/10/2006 03:15,28,SW
22/10/2006 03:30,25,SW
22/10/2006 03:45,30,SW
22/10/2006 04:00,17,SW
22/10/2006 04:15,22,SW
22/10/2006 04:30,23,SW
22/10/2006 04:45,15,SW
22/10/2006 05:00,11,SW
22/10/2006 05:15,14,SW
22/10/2006 05:30,14,SW
22/10/2006 05:45,10,SW
22/10/2006 06:00,12,SW
22/10/2006 06:15,27,SW
22/10/2006 06:30,21,SW
22/10/2006 06:45,29,SW
22/10/2006 07:00,36,SW
22/10/2006 07:15,27,SW
22/10/2006 07:30,37,SW
22/10/2006 07:45,35,SW
22/10/2006 08:00,40,SW
22/10/2006 08:15,36,SW
22/10/2006 08:30,39,SW
22/10/2006 08:45,48,SW
22/10/2006 09:00,52,SW
22/10/2006 09:15,52,SW
22/10/2006 09:30,54,SW
22/10/2006 09:45,82,SW
22/10/2006 10:00,100,SW
22/10/2006 10:15,101,SW
22/10/2006 10:30,87,SW
22/10/2006 10:45,96,SW
22/10/2006 11:00,87,SW
22/10/2006 11:15,127,SW
22/10/2006 11:30,119,SW
22/10/2006 11:45,113,SW
22/10/2006 12:00,154,SW
22/10/2006 12:15,140,SW
22/10/2006 12:30,157,SW
22/10/2006 12:45,112,SW
22/10/2006 13:00,114,SW
22/10/2006 13:15,101,SW
22/10/2006 13:30,144,SW
22/10/2006 13:45,115,SW
22/10/2006 14:00,117,SW
22/10/2006 14:15,147,SW
22/10/2006 14:30,130,SW
22/10/2006 14:45,141,SW
22/10/2006 15:00,132,SW
22/10/2006 15:15,121,SW
22/10/2006 15:30,164,SW
22/10/2006 15:45,105,SW
22/10/2006 16:00,136,SW
22/10/2006 16:15,212,SW
22/10/2006 16:30,136,SW
22/10/2006 16:45,173,SW
22/10/2006 17:00,160,SW
22/10/2006 17:15,197,SW
22/10/2006 17:30,143,SW
22/10/2006 17:45,149,SW
22/10/2006 18:00,148,SW
22/10/2006 18:15,153,SW
22/10/2006 18:30,99,SW
22/10/2006 18:45,91,SW
22/10/2006 19:00,82,SW
22/10/2006 19:15,81,SW
22/10/2006 19:30,85,SW
22/10/2006 19:45,62,SW
22/10/2006 20:00,69,SW
22/10/2006 20:15,59,SW
22/10/2006 20:30,92,SW
22/10/2006 20:45,50,SW
22/10/2006 21:00,71,SW
22/10/2006 21:15,79,SW
22/10/2006 21:30,37,SW
22/10/2006 21:45,60,SW
22/10/2006 22:00,48,SW
22/10/2006 22:15,52,SW
22/10/2006 22:30,42,SW
22/10/2006 22:45,37,SW
22/10/2006 23:00,37,SW
22/10/2006 23:15,37,SW
22/10/2006 23:30,31,SW
22/10/2006 23:45,24,SW
23/10/2006 00:00,26,SW
23/10/2006 00:15,51,SW
23/10/2006 00:30,22,SW
23/10/2006 00:45,11,SW
23/10/2006 01:00,12,SW
23/10/2006 01:15,6,SW
23/10/2006 01:30,7,SW
23/10/2006 01:45,9,SW
23/10/2006 02:00,8,SW
23/10/2006 02:15,5,SW
23/10/2006 02:30,4,SW
23/10/2006 02:45,3,SW
23/10/2006 03:00,3,SW
23/10/2006 03:15,6,SW
23/10/2006 03:30,5,SW
23/10/2006 03:45,7,SW
23/10/2006 04:00,5,SW
23/10/2006 04:15,6,SW
23/10/2006 04:30,6,SW
23/10/2006 04:45,9,SW
23/10/2006 05:00,41,SW
23/10/2006 05:15,23,SW
23/10/2006 05:30,25,SW
23/10/2006 05:45,37,SW
23/10/2006 06:00,44,SW
23/10/2006 06:15,80,SW
23/10/2006 06:30,83,SW
23/10/2006 06:45,94,SW
23/10/2006 07:00,178,SW
23/10/2006 07:15,137,SW
23/10/2006 07:30,98,SW
23/10/2006 07:45,132,SW
23/10/2006 08:00,138,SW
23/10/2006 08:15,146,SW
23/10/2006 08:30,124,SW
23/10/2006 08:45,85,SW
23/10/2006 09:00,95,SW
23/10/2006 09:15,126,SW
23/10/2006 09:30,79,SW
23/10/2006 09:45,125,SW
23/10/2006 10:00,113,SW
23/10/2006 10:15,108,SW
23/10/2006 10:30,105,SW
23/10/2006 10:45,147,SW
23/10/2006 11:00,118,SW
23/10/2006 11:15,138,SW
23/10/2006 11:30,153,SW
23/10/2006 11:45,103,SW
23/10/2006 12:00,144,SW
23/10/2006 12:15,111,SW
23/10/2006 12:30,108,SW
23/10/2006 12:45,124,SW
23/10/2006 13:00,119,SW
23/10/2006 13:15,126,SW
23/10/2006 13:30,114,SW
23/10/2006 13:45,129,SW
23/10/2006 14:00,113,SW
23/10/2006 14:15,161,SW
23/10/2006 14:30,151,SW
23/10/2006 14:45,147,SW
23/10/2006 15:00,116,SW
23/10/2006 15:15,184,SW
23/10/2006 15:30,177,SW
23/10/2006 15:45,153,SW
23/10/2006 16:00,163,SW
23/10/2006 16:15,208,SW
23/10/2006 16:30,210,SW
23/10/2006 16:45,187,SW
23/10/2006 17:00,185,SW
23/10/2006 17:15,232,SW
23/10/2006 17:30,234,SW
23/10/2006 17:45,199,SW
23/10/2006 18:00,226,SW
23/10/2006 18:15,242,SW
23/10/2006 18:30,189,SW
23/10/2006 18:45,166,SW
23/10/2006 19:00,148,SW
23/10/2006 19:15,149,SW
23/10/2006 19:30,122,SW
23/10/2006 19:45,146,SW
23/10/2006 20:00,88,SW
23/10/2006 20:15,98,SW
23/10/2006 20:30,78,SW
23/10/2006 20:45,61,SW
23/10/2006 21:00,69,SW
23/10/2006 21:15,97,SW
23/10/2006 21:30,81,SW
23/10/2006 21:45,75,SW
23/10/2006 22:00,63,SW
23/10/2006 22:15,80,SW
23/10/2006 22:30,63,SW
23/10/2006 22:45,71,SW
23/10/2006 23:00,51,SW
23/10/2006 23:15,45,SW
23/10/2006 23:30,52,SW
23/10/2006 23:45,31,SW
24/10/2006 00:00,40,SW
24/10/2006 00:15,13,SW
24/10/2006 00:30,34,SW
24/10/2006 00:45,9,SW
24/10/2006 01:00,14,SW
24/10/2006 01:15,11,SW
24/10/2006 01:30,5,SW
24/10/2006 01:45,8,SW
24/10/2006 02:00,9,SW
24/10/2006 02:15,8,SW
24/10/2006 02:30,5,SW
24/10/2006 02:45,2,SW
24/10/2006 03:00,2,SW
24/10/2006 03:15,7,SW
24/10/2006 03:30,2,SW
24/10/2006 03:45,1,SW
24/10/2006 04:00,5,SW
24/10/2006 04:15,7,SW
24/10/2006 04:30,4,SW
24/10/2006 04:45,17,SW
24/10/2006 05:00,35,SW
24/10/2006 05:15,35,SW
24/10/2006 05:30,35,SW
24/10/2006 05:45,41,SW
24/10/2006 06:00,75,SW
24/10/2006 06:15,80,SW
24/10/2006 06:30,78,SW
24/10/2006 06:45,101,SW
24/10/2006 07:00,184,SW
24/10/2006 07:15,126,SW
24/10/2006 07:30,119,SW
24/10/2006 07:45,136,SW
24/10/2006 08:00,108,SW
24/10/2006 08:15,91,SW
24/10/2006 08:30,109,SW
24/10/2006 08:45,112,SW
24/10/2006 09:00,96,SW
24/10/2006 09:15,64,SW
24/10/2006 09:30,140,SW
24/10/2006 09:45,114,SW
24/10/2006 10:00,101,SW
24/10/2006 10:15,93,SW
24/10/2006 10:30,111,SW
24/10/2006 10:45,100,SW
24/10/2006 11:00,136,SW
24/10/2006 11:15,123,SW
24/10/2006 11:30,100,SW
24/10/2006 11:45,128,SW
24/10/2006 12:00,99,SW
24/10/2006 12:15,101,SW
24/10/2006 12:30,129,SW
24/10/2006 12:45,140,SW
24/10/2006 13:00,120,SW
24/10/2006 13:15,150,SW
24/10/2006 13:30,123,SW
24/10/2006 13:45,169,SW
24/10/2006 14:00,90,SW
24/10/2006 14:15,175,SW
24/10/2006 14:30,150,SW
24/10/2006 14:45,162,SW
24/10/2006 15:00,151,SW
24/10/2006 15:15,199,SW
24/10/2006 15:30,183,SW
24/10/2006 15:45,175,SW
24/10/2006 16:00,169,SW
24/10/2006 16:15,186,SW
24/10/2006 16:30,211,SW
24/10/2006 16:45,235,SW
24/10/2006 17:00,177,SW
24/10/2006 17:15,211,SW
24/10/2006 17:30,255,SW
24/10/2006 17:45,234,SW
24/10/2006 18:00,202,SW
24/10/2006 18:15,266,SW
24/10/2006 18:30,250,SW
24/10/2006 18:45,177,SW
24/10/2006 19:00,191,SW
24/10/2006 19:15,130,SW
24/10/2006 19:30,131,SW
24/10/2006 19:45,137,SW
24/10/2006 20:00,108,SW
24/10/2006 20:15,106,SW
24/10/2006 20:30,102,SW
24/10/2006 20:45,81,SW
24/10/2006 21:00,89,SW
24/10/2006 21:15,96,SW
24/10/2006 21:30,83,SW
24/10/2006 21:45,84,SW
24/10/2006 22:00,56,SW
24/10/2006 22:15,77,SW
24/10/2006 22:30,61,SW
24/10/2006 22:45,77,SW
24/10/2006 23:00,49,SW
24/10/2006 23:15,59,SW
24/10/2006 23:30,49,SW
24/10/2006 23:45,46,SW
25/10/2006 00:00,35,SW
25/10/2006 00:15,22,SW
25/10/2006 00:30,44,SW
25/10/2006 00:45,23,SW
25/10/2006 01:00,12,SW
25/10/2006 01:15,15,SW
25/10/2006 01:30,11,SW
25/10/2006 01:45,5,SW
25/10/2006 02:00,6,SW
25/10/2006 02:15,3,SW
25/10/2006 02:30,2,SW
25/10/2006 02:45,10,SW
25/10/2006 03:00,7,SW
25/10/2006 03:15,4,SW
25/10/2006 03:30,8,SW
25/10/2006 03:45,6,SW
25/10/2006 04:00,6,SW
25/10/2006 04:15,4,SW
25/10/2006 04:30,6,SW
25/10/2006 04:45,17,SW
25/10/2006 05:00,25,SW
25/10/2006 05:15,44,SW
25/10/2006 05:30,62,SW
25/10/2006 05:45,49,SW
25/10/2006 06:00,65,SW
25/10/2006 06:15,81,SW
25/10/2006 06:30,82,SW
25/10/2006 06:45,140,SW
25/10/2006 07:00,188,SW
25/10/2006 07:15,114,SW
25/10/2006 07:30,109,SW
25/10/2006 07:45,112,SW
25/10/2006 08:00,115,SW
25/10/2006 08:15,118,SW
25/10/2006 08:30,115,SW
25/10/2006 08:45,103,SW
25/10/2006 09:00,113,SW
25/10/2006 09:15,108,SW
25/10/2006 09:30,102,SW
25/10/2006 09:45,107,SW
25/10/2006 10:00,83,SW
25/10/2006 10:15,123,SW
25/10/2006 10:30,122,SW
25/10/2006 10:45,177,SW
25/10/2006 11:00,110,SW
25/10/2006 11:15,124,SW
25/10/2006 11:30,119,SW
25/10/2006 11:45,102,SW
25/10/2006 12:00,135,SW
25/10/2006 12:15,108,SW
25/10/2006 12:30,144,SW
25/10/2006 12:45,115,SW
25/10/2006 13:00,120,SW
25/10/2006 13:15,156,SW
25/10/2006 13:30,129,SW
25/10/2006 13:45,119,SW
25/10/2006 14:00,177,SW
25/10/2006 14:15,141,SW
25/10/2006 14:30,129,SW
25/10/2006 14:45,152,SW
25/10/2006 15:00,182,SW
25/10/2006 15:15,184,SW
25/10/2006 15:30,192,SW
25/10/2006 15:45,167,SW
25/10/2006 16:00,176,SW
25/10/2006 16:15,176,SW
25/10/2006 16:30,199,SW
25/10/2006 16:45,184,SW
25/10/2006 17:00,179,SW
25/10/2006 17:15,267,SW
25/10/2006 17:30,236,SW
25/10/2006 17:45,205,SW
25/10/2006 18:00,256,SW
25/10/2006 18:15,264,SW
25/10/2006 18:30,262,SW
25/10/2006 18:45,184,SW
25/10/2006 19:00,194,SW
25/10/2006 19:15,153,SW
25/10/2006 19:30,150,SW
25/10/2006 19:45,111,SW
25/10/2006 20:00,120,SW
25/10/2006 20:15,84,SW
25/10/2006 20:30,97,SW
25/10/2006 20:45,81,SW
25/10/2006 21:00,86,SW
25/10/2006 21:15,123,SW
25/10/2006 21:30,124,SW
25/10/2006 21:45,92,SW
25/10/2006 22:00,76,SW
25/10/2006 22:15,70,SW
25/10/2006 22:30,90,SW
25/10/2006 22:45,85,SW
25/10/2006 23:00,47,SW
25/10/2006 23:15,82,SW
25/10/2006 23:30,52,SW
25/10/2006 23:45,66,SW
26/10/2006 00:00,38,SW
26/10/2006 00:15,30,SW
26/10/2006 00:30,38,SW
26/10/2006 00:45,21,SW
26/10/2006 01:00,14,SW
26/10/2006 01:15,12,SW
26/10/2006 01:30,12,SW
26/10/2006 01:45,5,SW
26/10/2006 02:00,7,SW
26/10/2006 02:15,11,SW
26/10/2006 02:30,4,SW
26/10/2006 02:45,8,SW
26/10/2006 03:00,6,SW
26/10/2006 03:15,7,SW
26/10/2006 03:30,8,SW
26/10/2006 03:45,6,SW
26/10/2006 04:00,4,SW
26/10/2006 04:15,6,SW
26/10/2006 04:30,5,SW
26/10/2006 04:45,10,SW
26/10/2006 05:00,25,SW
26/10/2006 05:15,49,SW
26/10/2006 05:30,35,SW
26/10/2006 05:45,29,SW
26/10/2006 06:00,100,SW
26/10/2006 06:15,69,SW
26/10/2006 06:30,57,SW
26/10/2006 06:45,105,SW
26/10/2006 07:00,147,SW
26/10/2006 07:15,151,SW
26/10/2006 07:30,140,SW
26/10/2006 07:45,148,SW
26/10/2006 08:00,86,SW
26/10/2006 08:15,106,SW
26/10/2006 08:30,119,SW
26/10/2006 08:45,141,SW
26/10/2006 09:00,106,SW
26/10/2006 09:15,122,SW
26/10/2006 09:30,105,SW
26/10/2006 09:45,104,SW
26/10/2006 10:00,96,SW
26/10/2006 10:15,125,SW
26/10/2006 10:30,140,SW
26/10/2006 10:45,115,SW
26/10/2006 11:00,146,SW
26/10/2006 11:15,126,SW
26/10/2006 11:30,121,SW
26/10/2006 11:45,111,SW
26/10/2006 12:00,127,SW
26/10/2006 12:15,169,SW
26/10/2006 12:30,104,SW
26/10/2006 12:45,155,SW
26/10/2006 13:00,119,SW
26/10/2006 13:15,139,SW
26/10/2006 13:30,158,SW
26/10/2006 13:45,144,SW
26/10/2006 14:00,132,SW
26/10/2006 14:15,123,SW
26/10/2006 14:30,167,SW
26/10/2006 14:45,145,SW
26/10/2006 15:00,180,SW
26/10/2006 15:15,194,SW
26/10/2006 15:30,174,SW
26/10/2006 15:45,198,SW
26/10/2006 16:00,187,SW
26/10/2006 16:15,176,SW
26/10/2006 16:30,200,SW
26/10/2006 16:45,172,SW
26/10/2006 17:00,205,SW
26/10/2006 17:15,266,SW
26/10/2006 17:30,210,SW
26/10/2006 17:45,257,SW
26/10/2006 18:00,268,SW
26/10/2006 18:15,227,SW
26/10/2006 18:30,221,SW
26/10/2006 18:45,228,SW
26/10/2006 19:00,185,SW
26/10/2006 19:15,152,SW
26/10/2006 19:30,122,SW
26/10/2006 19:45,125,SW
26/10/2006 20:00,153,SW
26/10/2006 20:15,90,SW
26/10/2006 20:30,121,SW
26/10/2006 20:45,99,SW
26/10/2006 21:00,86,SW
26/10/2006 21:15,109,SW
26/10/2006 21:30,116,SW
26/10/2006 21:45,124,SW
26/10/2006 22:00,80,SW
26/10/2006 22:15,77,SW
26/10/2006 22:30,82,SW
26/10/2006 22:45,78,SW
26/10/2006 23:00,60,SW
26/10/2006 23:15,65,SW
26/10/2006 23:30,68,SW
26/10/2006 23:45,59,SW
27/10/2006 00:00,46,SW
27/10/2006 00:15,33,SW
27/10/2006 00:30,58,SW
27/10/2006 00:45,23,SW
27/10/2006 01:00,24,SW
27/10/2006 01:15,15,SW
27/10/2006 01:30,14,SW
27/10/2006 01:45,9,SW
27/10/2006 02:00,11,SW
27/10/2006 02:15,12,SW
27/10/2006 02:30,4,SW
27/10/2006 02:45,4,SW
27/10/2006 03:00,12,SW
27/10/2006 03:15,5,SW
27/10/2006 03:30,9,SW
27/10/2006 03:45,10,SW
27/10/2006 04:00,6,SW
27/10/2006 04:15,4,SW
27/10/2006 04:30,9,SW
27/10/2006 04:45,20,SW
27/10/2006 05:00,15,SW
27/10/2006 05:15,51,SW
27/10/2006 05:30,31,SW
27/10/2006 05:45,40,SW
27/10/2006 06:00,74,SW
27/10/2006 06:15,91,SW
27/10/2006 06:30,78,SW
27/10/2006 06:45,131,SW
27/10/2006 07:00,139,SW
27/10/2006 07:15,190,SW
27/10/2006 07:30,101,SW
27/10/2006 07:45,152,SW
27/10/2006 08:00,119,SW
27/10/2006 08:15,114,SW
27/10/2006 08:30,89,SW
27/10/2006 08:45,124,SW
27/10/2006 09:00,130,SW
27/10/2006 09:15,124,SW
27/10/2006 09:30,116,SW
27/10/2006 09:45,127,SW
27/10/2006 10:00,96,SW
27/10/2006 10:15,148,SW
27/10/2006 10:30,113,SW
27/10/2006 10:45,123,SW
27/10/2006 11:00,133,SW
27/10/2006 11:15,119,SW
27/10/2006 11:30,154,SW
27/10/2006 11:45,137,SW
27/10/2006 12:00,127,SW
27/10/2006 12:15,154,SW
27/10/2006 12:30,112,SW
27/10/2006 12:45,112,SW
27/10/2006 13:00,158,SW
27/10/2006 13:15,128,SW
27/10/2006 13:30,146,SW
27/10/2006 13:45,134,SW
27/10/2006 14:00,173,SW
27/10/2006 14:15,122,SW
27/10/2006 14:30,166,SW
27/10/2006 14:45,173,SW
27/10/2006 15:00,197,SW
27/10/2006 15:15,176,SW
27/10/2006 15:30,154,SW
27/10/2006 15:45,161,SW
27/10/2006 16:00,249,SW
27/10/2006 16:15,194,SW
27/10/2006 16:30,200,SW
27/10/2006 16:45,192,SW
27/10/2006 17:00,159,SW
27/10/2006 17:15,234,SW
27/10/2006 17:30,238,SW
27/10/2006 17:45,222,SW
27/10/2006 18:00,203,SW
27/10/2006 18:15,185,SW
27/10/2006 18:30,258,SW
27/10/2006 18:45,227,SW
27/10/2006 19:00,182,SW
27/10/2006 19:15,153,SW
27/10/2006 19:30,125,SW
27/10/2006 19:45,138,SW
27/10/2006 20:00,153,SW
27/10/2006 20:15,101,SW
27/10/2006 20:30,99,SW
27/10/2006 20:45,81,SW
27/10/2006 21:00,90,SW
27/10/2006 21:15,88,SW
27/10/2006 21:30,105,SW
27/10/2006 21:45,60,SW
27/10/2006 22:00,73,SW
27/10/2006 22:15,91,SW
27/10/2006 22:30,83,SW
27/10/2006 22:45,106,SW
27/10/2006 23:00,44,SW
27/10/2006 23:15,70,SW
27/10/2006 23:30,69,SW
27/10/2006 23:45,67,SW
28/10/2006 00:00,49,SW
28/10/2006 00:15,50,SW
28/10/2006 00:30,74,SW
28/10/2006 00:45,63,SW
28/10/2006 01:00,44,SW
28/10/2006 01:15,33,SW
28/10/2006 01:30,44,SW
28/10/2006 01:45,23,SW
28/10/2006 02:00,20,SW
28/10/2006 02:15,20,SW
28/10/2006 02:30,24,SW
28/10/2006 02:45,17,SW
28/10/2006 03:00,24,SW
28/10/2006 03:15,26,SW
28/10/2006 03:30,18,SW
28/10/2006 03:45,14,SW
28/10/2006 04:00,19,SW
28/10/2006 04:15,18,SW
28/10/2006 04:30,12,SW
28/10/2006 04:45,45,SW
28/10/2006 05:00,21,SW
28/10/2006 05:15,33,SW
28/10/2006 05:30,52,SW
28/10/2006 05:45,35,SW
28/10/2006 06:00,36,SW
28/10/2006 06:15,52,SW
28/10/2006 06:30,22,SW
28/10/2006 06:45,47,SW
28/10/2006 07:00,79,SW
28/10/2006 07:15,64,SW
28/10/2006 07:30,56,SW
28/10/2006 07:45,86,SW
28/10/2006 08:00,63,SW
28/10/2006 08:15,88,SW
28/10/2006 08:30,69,SW
28/10/2006 08:45,89,SW
28/10/2006 09:00,106,SW
28/10/2006 09:15,91,SW
28/10/2006 09:30,125,SW
28/10/2006 09:45,94,SW
28/10/2006 10:00,127,SW
28/10/2006 10:15,149,SW
28/10/2006 10:30,144,SW
28/10/2006 10:45,158,SW
28/10/2006 11:00,127,SW
28/10/2006 11:15,160,SW
28/10/2006 11:30,131,SW
28/10/2006 11:45,172,SW
28/10/2006 12:00,126,SW
28/10/2006 12:15,147,SW
28/10/2006 12:30,128,SW
28/10/2006 12:45,159,SW
28/10/2006 13:00,177,SW
28/10/2006 13:15,149,SW
28/10/2006 13:30,139,SW
28/10/2006 13:45,144,SW
28/10/2006 14:00,203,SW
28/10/2006 14:15,158,SW
28/10/2006 14:30,146,SW
28/10/2006 14:45,145,SW
28/10/2006 15:00,156,SW
28/10/2006 15:15,164,SW
28/10/2006 15:30,169,SW
28/10/2006 15:45,149,SW
28/10/2006 16:00,148,SW
28/10/2006 16:15,134,SW
28/10/2006 16:30,130,SW
28/10/2006 16:45,211,SW
28/10/2006 17:00,191,SW
28/10/2006 17:15,137,SW
28/10/2006 17:30,145,SW
28/10/2006 17:45,172,SW
28/10/2006 18:00,150,SW
28/10/2006 18:15,142,SW
28/10/2006 18:30,136,SW
28/10/2006 18:45,114,SW
28/10/2006 19:00,127,SW
28/10/2006 19:15,92,SW
28/10/2006 19:30,89,SW
28/10/2006 19:45,87,SW
28/10/2006 20:00,77,SW
28/10/2006 20:15,93,SW
28/10/2006 20:30,88,SW
28/10/2006 20:45,91,SW
28/10/2006 21:00,81,SW
28/10/2006 21:15,92,SW
28/10/2006 21:30,70,SW
28/10/2006 21:45,65,SW
28/10/2006 22:00,61,SW
28/10/2006 22:15,68,SW
28/10/2006 22:30,86,SW
28/10/2006 22:45,61,SW
28/10/2006 23:00,92,SW
28/10/2006 23:15,79,SW
28/10/2006 23:30,84,SW
28/10/2006 23:45,73,SW
29/10/2006 00:00,91,SW
29/10/2006 00:15,83,SW
29/10/2006 00:30,87,SW
29/10/2006 00:45,86,SW
29/10/2006 01:00,66,SW
29/10/2006 01:15,84,SW
29/10/2006 01:30,90,SW
29/10/2006 01:45,0,SW
29/10/2006 02:00,0,SW
29/10/2006 02:15,0,SW
29/10/2006 02:30,0,SW
29/10/2006 02:45,31,SW
29/10/2006 03:00,38,SW
29/10/2006 03:15,25,SW
29/10/2006 03:30,18,SW
29/10/2006 03:45,25,SW
29/10/2006 04:00,26,SW
29/10/2006 04:15,25,SW
29/10/2006 04:30,20,SW
29/10/2006 04:45,16,SW
29/10/2006 05:00,20,SW
29/10/2006 05:15,17,SW
29/10/2006 05:30,18,SW
29/10/2006 05:45,22,SW
29/10/2006 06:00,16,SW
29/10/2006 06:15,22,SW
29/10/2006 06:30,14,SW
29/10/2006 06:45,25,SW
29/10/2006 07:00,42,SW
29/10/2006 07:15,33,SW
29/10/2006 07:30,40,SW
29/10/2006 07:45,28,SW
29/10/2006 08:00,30,SW
29/10/2006 08:15,36,SW
29/10/2006 08:30,26,SW
29/10/2006 08:45,37,SW
29/10/2006 09:00,57,SW
29/10/2006 09:15,44,SW
29/10/2006 09:30,79,SW
29/10/2006 09:45,75,SW
29/10/2006 10:00,75,SW
29/10/2006 10:15,66,SW
29/10/2006 10:30,75,SW
29/10/2006 10:45,89,SW
29/10/2006 11:00,84,SW
29/10/2006 11:15,116,SW
29/10/2006 11:30,121,SW
29/10/2006 11:45,147,SW
29/10/2006 12:00,106,SW
29/10/2006 12:15,149,SW
29/10/2006 12:30,142,SW
29/10/2006 12:45,147,SW
29/10/2006 13:00,155,SW
29/10/2006 13:15,129,SW
29/10/2006 13:30,124,SW
29/10/2006 13:45,135,SW
29/10/2006 14:00,124,SW
29/10/2006 14:15,120,SW
29/10/2006 14:30,156,SW
29/10/2006 14:45,126,SW
29/10/2006 15:00,130,SW
29/10/2006 15:15,97,SW
29/10/2006 15:30,164,SW
29/10/2006 15:45,127,SW
29/10/2006 16:00,130,SW
29/10/2006 16:15,164,SW
29/10/2006 16:30,174,SW
29/10/2006 16:45,146,SW
29/10/2006 17:00,150,SW
29/10/2006 17:15,172,SW
29/10/2006 17:30,138,SW
29/10/2006 17:45,139,SW
29/10/2006 18:00,204,SW
29/10/2006 18:15,147,SW
29/10/2006 18:30,150,SW
29/10/2006 18:45,125,SW
29/10/2006 19:00,96,SW
29/10/2006 19:15,60,SW
29/10/2006 19:30,95,SW
29/10/2006 19:45,64,SW
29/10/2006 20:00,107,SW
29/10/2006 20:15,77,SW
29/10/2006 20:30,87,SW
29/10/2006 20:45,95,SW
29/10/2006 21:00,71,SW
29/10/2006 21:15,56,SW
29/10/2006 21:30,56,SW
29/10/2006 21:45,79,SW
29/10/2006 22:00,66,SW
29/10/2006 22:15,52,SW
29/10/2006 22:30,48,SW
29/10/2006 22:45,51,SW
29/10/2006 23:00,51,SW
29/10/2006 23:15,59,SW
29/10/2006 23:30,45,SW
29/10/2006 23:45,49,SW
30/10/2006 00:00,40,SW
30/10/2006 00:15,61,SW
30/10/2006 00:30,15,SW
30/10/2006 00:45,23,SW
30/10/2006 01:00,16,SW
30/10/2006 01:15,10,SW
30/10/2006 01:30,12,SW
30/10/2006 01:45,8,SW
30/10/2006 02:00,12,SW
30/10/2006 02:15,5,SW
30/10/2006 02:30,6,SW
30/10/2006 02:45,6,SW
30/10/2006 03:00,4,SW
30/10/2006 03:15,5,SW
30/10/2006 03:30,5,SW
30/10/2006 03:45,8,SW
30/10/2006 04:00,1,SW
30/10/2006 04:15,4,SW
30/10/2006 04:30,10,SW
30/10/2006 04:45,19,SW
30/10/2006 05:00,26,SW
30/10/2006 05:15,36,SW
30/10/2006 05:30,52,SW
30/10/2006 05:45,37,SW
30/10/2006 06:00,88,SW
30/10/2006 06:15,67,SW
30/10/2006 06:30,107,SW
30/10/2006 06:45,165,SW
30/10/2006 07:00,174,SW
30/10/2006 07:15,112,SW
30/10/2006 07:30,131,SW
30/10/2006 07:45,116,SW
30/10/2006 08:00,110,SW
30/10/2006 08:15,162,SW
30/10/2006 08:30,119,SW
30/10/2006 08:45,98,SW
30/10/2006 09:00,102,SW
30/10/2006 09:15,82,SW
30/10/2006 09:30,105,SW
30/10/2006 09:45,114,SW
30/10/2006 10:00,94,SW
30/10/2006 10:15,127,SW
30/10/2006 10:30,113,SW
30/10/2006 10:45,105,SW
30/10/2006 11:00,120,SW
30/10/2006 11:15,171,SW
30/10/2006 11:30,110,SW
30/10/2006 11:45,105,SW
30/10/2006 12:00,117,SW
30/10/2006 12:15,120,SW
30/10/2006 12:30,143,SW
30/10/2006 12:45,148,SW
30/10/2006 13:00,100,SW
30/10/2006 13:15,171,SW
30/10/2006 13:30,130,SW
30/10/2006 13:45,104,SW
30/10/2006 14:00,142,SW
30/10/2006 14:15,154,SW
30/10/2006 14:30,149,SW
30/10/2006 14:45,192,SW
30/10/2006 15:00,151,SW
30/10/2006 15:15,171,SW
30/10/2006 15:30,186,SW
30/10/2006 15:45,199,SW
30/10/2006 16:00,195,SW
30/10/2006 16:15,169,SW
30/10/2006 16:30,154,SW
30/10/2006 16:45,192,SW
30/10/2006 17:00,202,SW
30/10/2006 17:15,209,SW
30/10/2006 17:30,223,SW
30/10/2006 17:45,231,SW
30/10/2006 18:00,230,SW
30/10/2006 18:15,242,SW
30/10/2006 18:30,222,SW
30/10/2006 18:45,175,SW
30/10/2006 19:00,168,SW
30/10/2006 19:15,104,SW
30/10/2006 19:30,118,SW
30/10/2006 19:45,142,SW
30/10/2006 20:00,97,SW
30/10/2006 20:15,117,SW
30/10/2006 20:30,106,SW
30/10/2006 20:45,94,SW
30/10/2006 21:00,66,SW
30/10/2006 21:15,93,SW
30/10/2006 21:30,65,SW
30/10/2006 21:45,78,SW
30/10/2006 22:00,51,SW
30/10/2006 22:15,75,SW
30/10/2006 22:30,70,SW
30/10/2006 22:45,67,SW
30/10/2006 23:00,77,SW
30/10/2006 23:15,29,SW
30/10/2006 23:30,60,SW
30/10/2006 23:45,74,SW
31/10/2006 00:00,31,SW
31/10/2006 00:15,33,SW
31/10/2006 00:30,52,SW
31/10/2006 00:45,15,SW
31/10/2006 01:00,8,SW
31/10/2006 01:15,5,SW
31/10/2006 01:30,13,SW
31/10/2006 01:45,9,SW
31/10/2006 02:00,6,SW
31/10/2006 02:15,3,SW
31/10/2006 02:30,2,SW
31/10/2006 02:45,7,SW
31/10/2006 03:00,3,SW
31/10/2006 03:15,6,SW
31/10/2006 03:30,2,SW
31/10/2006 03:45,3,SW
31/10/2006 04:00,3,SW
31/10/2006 04:15,7,SW
31/10/2006 04:30,3,SW
31/10/2006 04:45,19,SW
31/10/2006 05:00,15,SW
31/10/2006 05:15,37,SW
31/10/2006 05:30,33,SW
31/10/2006 05:45,19,SW
31/10/2006 06:00,46,SW
31/10/2006 06:15,67,SW
31/10/2006 06:30,85,SW
31/10/2006 06:45,154,SW
31/10/2006 07:00,121,SW
31/10/2006 07:15,161,SW
31/10/2006 07:30,160,SW
31/10/2006 07:45,113,SW
31/10/2006 08:00,120,SW
31/10/2006 08:15,91,SW
31/10/2006 08:30,104,SW
31/10/2006 08:45,98,SW
31/10/2006 09:00,137,SW
31/10/2006 09:15,95,SW
31/10/2006 09:30,143,SW
31/10/2006 09:45,110,SW
31/10/2006 10:00,93,SW
31/10/2006 10:15,119,SW
31/10/2006 10:30,121,SW
31/10/2006 10:45,106,SW
31/10/2006 11:00,88,SW
31/10/2006 11:15,140,SW
31/10/2006 11:30,134,SW
31/10/2006 11:45,132,SW
31/10/2006 12:00,101,SW
31/10/2006 12:15,145,SW
31/10/2006 12:30,116,SW
31/10/2006 12:45,122,SW
31/10/2006 13:00,122,SW
31/10/2006 13:15,126,SW
31/10/2006 13:30,105,SW
31/10/2006 13:45,153,SW
31/10/2006 14:00,125,SW
31/10/2006 14:15,158,SW
31/10/2006 14:30,141,SW
31/10/2006 14:45,163,SW
31/10/2006 15:00,217,SW
31/10/2006 15:15,159,SW
31/10/2006 15:30,161,SW
31/10/2006 15:45,163,SW
31/10/2006 16:00,192,SW
31/10/2006 16:15,184,SW
31/10/2006 16:30,219,SW
31/10/2006 16:45,248,SW
31/10/2006 17:00,203,SW
31/10/2006 17:15,205,SW
31/10/2006 17:30,261,SW
31/10/2006 17:45,250,SW
31/10/2006 18:00,242,SW
31/10/2006 18:15,217,SW
31/10/2006 18:30,246,SW
31/10/2006 18:45,181,SW
31/10/2006 19:00,159,SW
31/10/2006 19:15,179,SW
31/10/2006 19:30,134,SW
31/10/2006 19:45,104,SW
31/10/2006 20:00,117,SW
31/10/2006 20:15,116,SW
31/10/2006 20:30,82,SW
31/10/2006 20:45,99,SW
31/10/2006 21:00,57,SW
31/10/2006 21:15,81,SW
31/10/2006 21:30,89,SW
31/10/2006 21:45,85,SW
31/10/2006 22:00,61,SW
31/10/2006 22:15,90,SW
31/10/2006 22:30,89,SW
31/10/2006 22:45,93,SW
31/10/2006 23:00,44,SW
31/10/2006 23:15,73,SW
31/10/2006 23:30,60,SW
31/10/2006 23:45,66,SW
1/10/2006 00:00,35,W
1/10/2006 00:15,37,W
1/10/2006 00:30,42,W
1/10/2006 00:45,23,W
1/10/2006 01:00,25,W
1/10/2006 01:15,28,W
1/10/2006 01:30,22,W
1/10/2006 01:45,18,W
1/10/2006 02:00,20,W
1/10/2006 02:15,19,W
1/10/2006 02:30,20,W
1/10/2006 02:45,20,W
1/10/2006 03:00,10,W
1/10/2006 03:15,15,W
1/10/2006 03:30,13,W
1/10/2006 03:45,15,W
1/10/2006 04:00,12,W
1/10/2006 04:15,8,W
1/10/2006 04:30,11,W
1/10/2006 04:45,7,W
1/10/2006 05:00,10,W
1/10/2006 05:15,10,W
1/10/2006 05:30,13,W
1/10/2006 05:45,9,W
1/10/2006 06:00,6,W
1/10/2006 06:15,11,W
1/10/2006 06:30,11,W
1/10/2006 06:45,5,W
1/10/2006 07:00,12,W
1/10/2006 07:15,11,W
1/10/2006 07:30,14,W
1/10/2006 07:45,17,W
1/10/2006 08:00,18,W
1/10/2006 08:15,26,W
1/10/2006 08:30,33,W
1/10/2006 08:45,43,W
1/10/2006 09:00,50,W
1/10/2006 09:15,58,W
1/10/2006 09:30,60,W
1/10/2006 09:45,62,W
1/10/2006 10:00,53,W
1/10/2006 10:15,64,W
1/10/2006 10:30,76,W
1/10/2006 10:45,80,W
1/10/2006 11:00,76,W
1/10/2006 11:15,82,W
1/10/2006 11:30,84,W
1/10/2006 11:45,90,W
1/10/2006 12:00,83,W
1/10/2006 12:15,114,W
1/10/2006 12:30,81,W
1/10/2006 12:45,120,W
1/10/2006 13:00,98,W
1/10/2006 13:15,71,W
1/10/2006 13:30,96,W
1/10/2006 13:45,77,W
1/10/2006 14:00,103,W
1/10/2006 14:15,99,W
1/10/2006 14:30,87,W
1/10/2006 14:45,93,W
1/10/2006 15:00,96,W
1/10/2006 15:15,123,W
1/10/2006 15:30,96,W
1/10/2006 15:45,110,W
1/10/2006 16:00,112,W
1/10/2006 16:15,115,W
1/10/2006 16:30,123,W
1/10/2006 16:45,99,W
1/10/2006 17:00,109,W
1/10/2006 17:15,111,W
1/10/2006 17:30,93,W
1/10/2006 17:45,89,W
1/10/2006 18:00,101,W
1/10/2006 18:15,82,W
1/10/2006 18:30,76,W
1/10/2006 18:45,93,W
1/10/2006 19:00,61,W
1/10/2006 19:15,61,W
1/10/2006 19:30,78,W
1/10/2006 19:45,66,W
1/10/2006 20:00,43,W
1/10/2006 20:15,45,W
1/10/2006 20:30,40,W
1/10/2006 20:45,36,W
1/10/2006 21:00,33,W
1/10/2006 21:15,34,W
1/10/2006 21:30,48,W
1/10/2006 21:45,32,W
1/10/2006 22:00,33,W
1/10/2006 22:15,39,W
1/10/2006 22:30,33,W
1/10/2006 22:45,25,W
1/10/2006 23:00,24,W
1/10/2006 23:15,18,W
1/10/2006 23:30,18,W
1/10/2006 23:45,17,W
2/10/2006 00:00,10,W
2/10/2006 00:15,9,W
2/10/2006 00:30,15,W
2/10/2006 00:45,8,W
2/10/2006 01:00,13,W
2/10/2006 01:15,13,W
2/10/2006 01:30,9,W
2/10/2006 01:45,4,W
2/10/2006 02:00,4,W
2/10/2006 02:15,6,W
2/10/2006 02:30,7,W
2/10/2006 02:45,6,W
2/10/2006 03:00,4,W
2/10/2006 03:15,7,W
2/10/2006 03:30,5,W
2/10/2006 03:45,6,W
2/10/2006 04:00,3,W
2/10/2006 04:15,4,W
2/10/2006 04:30,4,W
2/10/2006 04:45,7,W
2/10/2006 05:00,6,W
2/10/2006 05:15,7,W
2/10/2006 05:30,9,W
2/10/2006 05:45,11,W
2/10/2006 06:00,18,W
2/10/2006 06:15,17,W
2/10/2006 06:30,18,W
2/10/2006 06:45,31,W
2/10/2006 07:00,34,W
2/10/2006 07:15,48,W
2/10/2006 07:30,57,W
2/10/2006 07:45,86,W
2/10/2006 08:00,157,W
2/10/2006 08:15,137,W
2/10/2006 08:30,129,W
2/10/2006 08:45,105,W
2/10/2006 09:00,81,W
2/10/2006 09:15,77,W
2/10/2006 09:30,90,W
2/10/2006 09:45,97,W
2/10/2006 10:00,94,W
2/10/2006 10:15,86,W
2/10/2006 10:30,102,W
2/10/2006 10:45,106,W
2/10/2006 11:00,83,W
2/10/2006 11:15,91,W
2/10/2006 11:30,88,W
2/10/2006 11:45,97,W
2/10/2006 12:00,100,W
2/10/2006 12:15,97,W
2/10/2006 12:30,100,W
2/10/2006 12:45,110,W
2/10/2006 13:00,89,W
2/10/2006 13:15,109,W
2/10/2006 13:30,121,W
2/10/2006 13:45,102,W
2/10/2006 14:00,109,W
2/10/2006 14:15,127,W
2/10/2006 14:30,96,W
2/10/2006 14:45,143,W
2/10/2006 15:00,166,W
2/10/2006 15:15,241,W
2/10/2006 15:30,195,W
2/10/2006 15:45,142,W
2/10/2006 16:00,134,W
2/10/2006 16:15,156,W
2/10/2006 16:30,180,W
2/10/2006 16:45,197,W
2/10/2006 17:00,205,W
2/10/2006 17:15,235,W
2/10/2006 17:30,265,W
2/10/2006 17:45,255,W
2/10/2006 18:00,226,W
2/10/2006 18:15,220,W
2/10/2006 18:30,186,W
2/10/2006 18:45,142,W
2/10/2006 19:00,125,W
2/10/2006 19:15,100,W
2/10/2006 19:30,76,W
2/10/2006 19:45,73,W
2/10/2006 20:00,72,W
2/10/2006 20:15,63,W
2/10/2006 20:30,39,W
2/10/2006 20:45,51,W
2/10/2006 21:00,58,W
2/10/2006 21:15,65,W
2/10/2006 21:30,37,W
2/10/2006 21:45,53,W
2/10/2006 22:00,44,W
2/10/2006 22:15,42,W
2/10/2006 22:30,33,W
2/10/2006 22:45,32,W
2/10/2006 23:00,27,W
2/10/2006 23:15,25,W
2/10/2006 23:30,27,W
2/10/2006 23:45,17,W
3/10/2006 00:00,9,W
3/10/2006 00:15,6,W
3/10/2006 00:30,12,W
3/10/2006 00:45,11,W
3/10/2006 01:00,10,W
3/10/2006 01:15,1,W
3/10/2006 01:30,6,W
3/10/2006 01:45,6,W
3/10/2006 02:00,3,W
3/10/2006 02:15,2,W
3/10/2006 02:30,3,W
3/10/2006 02:45,2,W
3/10/2006 03:00,2,W
3/10/2006 03:15,6,W
3/10/2006 03:30,6,W
3/10/2006 03:45,3,W
3/10/2006 04:00,1,W
3/10/2006 04:15,2,W
3/10/2006 04:30,5,W
3/10/2006 04:45,3,W
3/10/2006 05:00,10,W
3/10/2006 05:15,3,W
3/10/2006 05:30,6,W
3/10/2006 05:45,9,W
3/10/2006 06:00,24,W
3/10/2006 06:15,25,W
3/10/2006 06:30,33,W
3/10/2006 06:45,43,W
3/10/2006 07:00,36,W
3/10/2006 07:15,54,W
3/10/2006 07:30,69,W
3/10/2006 07:45,92,W
3/10/2006 08:00,167,W
3/10/2006 08:15,113,W
3/10/2006 08:30,127,W
3/10/2006 08:45,116,W
3/10/2006 09:00,90,W
3/10/2006 09:15,95,W
3/10/2006 09:30,93,W
3/10/2006 09:45,102,W
3/10/2006 10:00,88,W
3/10/2006 10:15,112,W
3/10/2006 10:30,72,W
3/10/2006 10:45,104,W
3/10/2006 11:00,107,W
3/10/2006 11:15,100,W
3/10/2006 11:30,107,W
3/10/2006 11:45,90,W
3/10/2006 12:00,114,W
3/10/2006 12:15,130,W
3/10/2006 12:30,115,W
3/10/2006 12:45,104,W
3/10/2006 13:00,95,W
3/10/2006 13:15,100,W
3/10/2006 13:30,103,W
3/10/2006 13:45,107,W
3/10/2006 14:00,88,W
3/10/2006 14:15,162,W
3/10/2006 14:30,118,W
3/10/2006 14:45,140,W
3/10/2006 15:00,164,W
3/10/2006 15:15,177,W
3/10/2006 15:30,201,W
3/10/2006 15:45,153,W
3/10/2006 16:00,181,W
3/10/2006 16:15,174,W
3/10/2006 16:30,163,W
3/10/2006 16:45,195,W
3/10/2006 17:00,188,W
3/10/2006 17:15,222,W
3/10/2006 17:30,274,W
3/10/2006 17:45,272,W
3/10/2006 18:00,230,W
3/10/2006 18:15,212,W
3/10/2006 18:30,210,W
3/10/2006 18:45,181,W
3/10/2006 19:00,147,W
3/10/2006 19:15,103,W
3/10/2006 19:30,83,W
3/10/2006 19:45,74,W
3/10/2006 20:00,86,W
3/10/2006 20:15,68,W
3/10/2006 20:30,63,W
3/10/2006 20:45,66,W
3/10/2006 21:00,64,W
3/10/2006 21:15,61,W
3/10/2006 21:30,43,W
3/10/2006 21:45,53,W
3/10/2006 22:00,55,W
3/10/2006 22:15,45,W
3/10/2006 22:30,39,W
3/10/2006 22:45,31,W
3/10/2006 23:00,38,W
3/10/2006 23:15,23,W
3/10/2006 23:30,31,W
3/10/2006 23:45,17,W
4/10/2006 00:00,14,W
4/10/2006 00:15,16,W
4/10/2006 00:30,6,W
4/10/2006 00:45,2,W
4/10/2006 01:00,9,W
4/10/2006 01:15,5,W
4/10/2006 01:30,9,W
4/10/2006 01:45,5,W
4/10/2006 02:00,6,W
4/10/2006 02:15,6,W
4/10/2006 02:30,5,W
4/10/2006 02:45,4,W
4/10/2006 03:00,3,W
4/10/2006 03:15,5,W
4/10/2006 03:30,3,W
4/10/2006 03:45,0,W
4/10/2006 04:00,4,W
4/10/2006 04:15,5,W
4/10/2006 04:30,4,W
4/10/2006 04:45,4,W
4/10/2006 05:00,8,W
4/10/2006 05:15,4,W
4/10/2006 05:30,8,W
4/10/2006 05:45,19,W
4/10/2006 06:00,18,W
4/10/2006 06:15,18,W
4/10/2006 06:30,21,W
4/10/2006 06:45,46,W
4/10/2006 07:00,47,W
4/10/2006 07:15,50,W
4/10/2006 07:30,67,W
4/10/2006 07:45,97,W
4/10/2006 08:00,141,W
4/10/2006 08:15,128,W
4/10/2006 08:30,152,W
4/10/2006 08:45,116,W
4/10/2006 09:00,96,W
4/10/2006 09:15,86,W
4/10/2006 09:30,85,W
4/10/2006 09:45,82,W
4/10/2006 10:00,94,W
4/10/2006 10:15,84,W
4/10/2006 10:30,99,W
4/10/2006 10:45,109,W
4/10/2006 11:00,88,W
4/10/2006 11:15,100,W
4/10/2006 11:30,81,W
4/10/2006 11:45,103,W
4/10/2006 12:00,106,W
4/10/2006 12:15,118,W
4/10/2006 12:30,111,W
4/10/2006 12:45,118,W
4/10/2006 13:00,118,W
4/10/2006 13:15,107,W
4/10/2006 13:30,92,W
4/10/2006 13:45,101,W
4/10/2006 14:00,110,W
4/10/2006 14:15,108,W
4/10/2006 14:30,125,W
4/10/2006 14:45,140,W
4/10/2006 15:00,156,W
4/10/2006 15:15,205,W
4/10/2006 15:30,185,W
4/10/2006 15:45,139,W
4/10/2006 16:00,156,W
4/10/2006 16:15,171,W
4/10/2006 16:30,186,W
4/10/2006 16:45,169,W
4/10/2006 17:00,220,W
4/10/2006 17:15,236,W
4/10/2006 17:30,235,W
4/10/2006 17:45,249,W
4/10/2006 18:00,230,W
4/10/2006 18:15,194,W
4/10/2006 18:30,209,W
4/10/2006 18:45,159,W
4/10/2006 19:00,150,W
4/10/2006 19:15,140,W
4/10/2006 19:30,104,W
4/10/2006 19:45,80,W
4/10/2006 20:00,99,W
4/10/2006 20:15,87,W
4/10/2006 20:30,70,W
4/10/2006 20:45,60,W
4/10/2006 21:00,68,W
4/10/2006 21:15,69,W
4/10/2006 21:30,59,W
4/10/2006 21:45,66,W
4/10/2006 22:00,61,W
4/10/2006 22:15,57,W
4/10/2006 22:30,46,W
4/10/2006 22:45,42,W
4/10/2006 23:00,36,W
4/10/2006 23:15,27,W
4/10/2006 23:30,24,W
4/10/2006 23:45,17,W
5/10/2006 00:00,17,W
5/10/2006 00:15,10,W
5/10/2006 00:30,15,W
5/10/2006 00:45,4,W
5/10/2006 01:00,9,W
5/10/2006 01:15,9,W
5/10/2006 01:30,10,W
5/10/2006 01:45,6,W
5/10/2006 02:00,6,W
5/10/2006 02:15,4,W
5/10/2006 02:30,8,W
5/10/2006 02:45,5,W
5/10/2006 03:00,2,W
5/10/2006 03:15,1,W
5/10/2006 03:30,3,W
5/10/2006 03:45,4,W
5/10/2006 04:00,5,W
5/10/2006 04:15,4,W
5/10/2006 04:30,8,W
5/10/2006 04:45,9,W
5/10/2006 05:00,6,W
5/10/2006 05:15,7,W
5/10/2006 05:30,7,W
5/10/2006 05:45,11,W
5/10/2006 06:00,10,W
5/10/2006 06:15,26,W
5/10/2006 06:30,27,W
5/10/2006 06:45,35,W
5/10/2006 07:00,35,W
5/10/2006 07:15,47,W
5/10/2006 07:30,77,W
5/10/2006 07:45,107,W
5/10/2006 08:00,138,W
5/10/2006 08:15,113,W
5/10/2006 08:30,113,W
5/10/2006 08:45,138,W
5/10/2006 09:00,92,W
5/10/2006 09:15,87,W
5/10/2006 09:30,96,W
5/10/2006 09:45,98,W
5/10/2006 10:00,87,W
5/10/2006 10:15,107,W
5/10/2006 10:30,95,W
5/10/2006 10:45,86,W
5/10/2006 11:00,98,W
5/10/2006 11:15,103,W
5/10/2006 11:30,103,W
5/10/2006 11:45,92,W
5/10/2006 12:00,104,W
5/10/2006 12:15,141,W
5/10/2006 12:30,117,W
5/10/2006 12:45,100,W
5/10/2006 13:00,114,W
5/10/2006 13:15,116,W
5/10/2006 13:30,92,W
5/10/2006 13:45,92,W
5/10/2006 14:00,128,W
5/10/2006 14:15,114,W
5/10/2006 14:30,121,W
5/10/2006 14:45,130,W
5/10/2006 15:00,177,W
5/10/2006 15:15,205,W
5/10/2006 15:30,162,W
5/10/2006 15:45,145,W
5/10/2006 16:00,161,W
5/10/2006 16:15,182,W
5/10/2006 16:30,186,W
5/10/2006 16:45,181,W
5/10/2006 17:00,197,W
5/10/2006 17:15,241,W
5/10/2006 17:30,251,W
5/10/2006 17:45,249,W
5/10/2006 18:00,218,W
5/10/2006 18:15,238,W
5/10/2006 18:30,177,W
5/10/2006 18:45,159,W
5/10/2006 19:00,152,W
5/10/2006 19:15,127,W
5/10/2006 19:30,111,W
5/10/2006 19:45,93,W
5/10/2006 20:00,86,W
5/10/2006 20:15,63,W
5/10/2006 20:30,61,W
5/10/2006 20:45,58,W
5/10/2006 21:00,61,W
5/10/2006 21:15,63,W
5/10/2006 21:30,60,W
5/10/2006 21:45,60,W
5/10/2006 22:00,51,W
5/10/2006 22:15,65,W
5/10/2006 22:30,55,W
5/10/2006 22:45,40,W
5/10/2006 23:00,33,W
5/10/2006 23:15,33,W
5/10/2006 23:30,21,W
5/10/2006 23:45,23,W
6/10/2006 00:00,12,W
6/10/2006 00:15,27,W
6/10/2006 00:30,16,W
6/10/2006 00:45,12,W
6/10/2006 01:00,12,W
6/10/2006 01:15,14,W
6/10/2006 01:30,7,W
6/10/2006 01:45,7,W
6/10/2006 02:00,5,W
6/10/2006 02:15,6,W
6/10/2006 02:30,4,W
6/10/2006 02:45,6,W
6/10/2006 03:00,8,W
6/10/2006 03:15,8,W
6/10/2006 03:30,6,W
6/10/2006 03:45,2,W
6/10/2006 04:00,6,W
6/10/2006 04:15,7,W
6/10/2006 04:30,9,W
6/10/2006 04:45,2,W
6/10/2006 05:00,8,W
6/10/2006 05:15,4,W
6/10/2006 05:30,9,W
6/10/2006 05:45,14,W
6/10/2006 06:00,9,W
6/10/2006 06:15,14,W
6/10/2006 06:30,24,W
6/10/2006 06:45,40,W
6/10/2006 07:00,26,W
6/10/2006 07:15,63,W
6/10/2006 07:30,68,W
6/10/2006 07:45,103,W
6/10/2006 08:00,149,W
6/10/2006 08:15,128,W
6/10/2006 08:30,140,W
6/10/2006 08:45,123,W
6/10/2006 09:00,90,W
6/10/2006 09:15,95,W
6/10/2006 09:30,91,W
6/10/2006 09:45,90,W
6/10/2006 10:00,72,W
6/10/2006 10:15,117,W
6/10/2006 10:30,92,W
6/10/2006 10:45,119,W
6/10/2006 11:00,109,W
6/10/2006 11:15,121,W
6/10/2006 11:30,105,W
6/10/2006 11:45,115,W
6/10/2006 12:00,122,W
6/10/2006 12:15,107,W
6/10/2006 12:30,112,W
6/10/2006 12:45,138,W
6/10/2006 13:00,125,W
6/10/2006 13:15,118,W
6/10/2006 13:30,130,W
6/10/2006 13:45,131,W
6/10/2006 14:00,109,W
6/10/2006 14:15,112,W
6/10/2006 14:30,109,W
6/10/2006 14:45,146,W
6/10/2006 15:00,157,W
6/10/2006 15:15,218,W
6/10/2006 15:30,179,W
6/10/2006 15:45,131,W
6/10/2006 16:00,178,W
6/10/2006 16:15,160,W
6/10/2006 16:30,201,W
6/10/2006 16:45,197,W
6/10/2006 17:00,211,W
6/10/2006 17:15,256,W
6/10/2006 17:30,247,W
6/10/2006 17:45,232,W
6/10/2006 18:00,216,W
6/10/2006 18:15,251,W
6/10/2006 18:30,179,W
6/10/2006 18:45,163,W
6/10/2006 19:00,149,W
6/10/2006 19:15,123,W
6/10/2006 19:30,109,W
6/10/2006 19:45,103,W
6/10/2006 20:00,69,W
6/10/2006 20:15,77,W
6/10/2006 20:30,76,W
6/10/2006 20:45,56,W
6/10/2006 21:00,59,W
6/10/2006 21:15,61,W
6/10/2006 21:30,50,W
6/10/2006 21:45,50,W
6/10/2006 22:00,51,W
6/10/2006 22:15,49,W
6/10/2006 22:30,62,W
6/10/2006 22:45,54,W
6/10/2006 23:00,60,W
6/10/2006 23:15,53,W
6/10/2006 23:30,35,W
6/10/2006 23:45,51,W
7/10/2006 00:00,28,W
7/10/2006 00:15,25,W
7/10/2006 00:30,41,W
7/10/2006 00:45,32,W
7/10/2006 01:00,32,W
7/10/2006 01:15,25,W
7/10/2006 01:30,26,W
7/10/2006 01:45,22,W
7/10/2006 02:00,23,W
7/10/2006 02:15,19,W
7/10/2006 02:30,12,W
7/10/2006 02:45,15,W
7/10/2006 03:00,11,W
7/10/2006 03:15,11,W
7/10/2006 03:30,15,W
7/10/2006 03:45,6,W
7/10/2006 04:00,8,W
7/10/2006 04:15,8,W
7/10/2006 04:30,2,W
7/10/2006 04:45,8,W
7/10/2006 05:00,8,W
7/10/2006 05:15,17,W
7/10/2006 05:30,2,W
7/10/2006 05:45,10,W
7/10/2006 06:00,8,W
7/10/2006 06:15,11,W
7/10/2006 06:30,13,W
7/10/2006 06:45,17,W
7/10/2006 07:00,14,W
7/10/2006 07:15,25,W
7/10/2006 07:30,40,W
7/10/2006 07:45,49,W
7/10/2006 08:00,34,W
7/10/2006 08:15,52,W
7/10/2006 08:30,75,W
7/10/2006 08:45,79,W
7/10/2006 09:00,76,W
7/10/2006 09:15,100,W
7/10/2006 09:30,68,W
7/10/2006 09:45,111,W
7/10/2006 10:00,111,W
7/10/2006 10:15,106,W
7/10/2006 10:30,85,W
7/10/2006 10:45,120,W
7/10/2006 11:00,117,W
7/10/2006 11:15,113,W
7/10/2006 11:30,109,W
7/10/2006 11:45,103,W
7/10/2006 12:00,131,W
7/10/2006 12:15,99,W
7/10/2006 12:30,107,W
7/10/2006 12:45,101,W
7/10/2006 13:00,114,W
7/10/2006 13:15,94,W
7/10/2006 13:30,94,W
7/10/2006 13:45,105,W
7/10/2006 14:00,100,W
7/10/2006 14:15,105,W
7/10/2006 14:30,118,W
7/10/2006 14:45,93,W
7/10/2006 15:00,106,W
7/10/2006 15:15,108,W
7/10/2006 15:30,117,W
7/10/2006 15:45,108,W
7/10/2006 16:00,131,W
7/10/2006 16:15,104,W
7/10/2006 16:30,139,W
7/10/2006 16:45,94,W
7/10/2006 17:00,139,W
7/10/2006 17:15,129,W
7/10/2006 17:30,94,W
7/10/2006 17:45,107,W
7/10/2006 18:00,103,W
7/10/2006 18:15,107,W
7/10/2006 18:30,91,W
7/10/2006 18:45,108,W
7/10/2006 19:00,75,W
7/10/2006 19:15,80,W
7/10/2006 19:30,61,W
7/10/2006 19:45,80,W
7/10/2006 20:00,61,W
7/10/2006 20:15,64,W
7/10/2006 20:30,58,W
7/10/2006 20:45,40,W
7/10/2006 21:00,45,W
7/10/2006 21:15,59,W
7/10/2006 21:30,48,W
7/10/2006 21:45,49,W
7/10/2006 22:00,53,W
7/10/2006 22:15,39,W
7/10/2006 22:30,41,W
7/10/2006 22:45,59,W
7/10/2006 23:00,38,W
7/10/2006 23:15,60,W
7/10/2006 23:30,64,W
7/10/2006 23:45,73,W
8/10/2006 00:00,48,W
8/10/2006 00:15,50,W
8/10/2006 00:30,50,W
8/10/2006 00:45,40,W
8/10/2006 01:00,31,W
8/10/2006 01:15,28,W
8/10/2006 01:30,16,W
8/10/2006 01:45,24,W
8/10/2006 02:00,21,W
8/10/2006 02:15,26,W
8/10/2006 02:30,27,W
8/10/2006 02:45,24,W
8/10/2006 03:00,16,W
8/10/2006 03:15,18,W
8/10/2006 03:30,15,W
8/10/2006 03:45,7,W
8/10/2006 04:00,13,W
8/10/2006 04:15,7,W
8/10/2006 04:30,12,W
8/10/2006 04:45,2,W
8/10/2006 05:00,7,W
8/10/2006 05:15,5,W
8/10/2006 05:30,7,W
8/10/2006 05:45,11,W
8/10/2006 06:00,7,W
8/10/2006 06:15,12,W
8/10/2006 06:30,9,W
8/10/2006 06:45,10,W
8/10/2006 07:00,12,W
8/10/2006 07:15,13,W
8/10/2006 07:30,18,W
8/10/2006 07:45,17,W
8/10/2006 08:00,20,W
8/10/2006 08:15,25,W
8/10/2006 08:30,27,W
8/10/2006 08:45,43,W
8/10/2006 09:00,65,W
8/10/2006 09:15,50,W
8/10/2006 09:30,54,W
8/10/2006 09:45,85,W
8/10/2006 10:00,64,W
8/10/2006 10:15,71,W
8/10/2006 10:30,86,W
8/10/2006 10:45,69,W
8/10/2006 11:00,78,W
8/10/2006 11:15,83,W
8/10/2006 11:30,82,W
8/10/2006 11:45,87,W
8/10/2006 12:00,87,W
8/10/2006 12:15,109,W
8/10/2006 12:30,96,W
8/10/2006 12:45,86,W
8/10/2006 13:00,89,W
8/10/2006 13:15,91,W
8/10/2006 13:30,114,W
8/10/2006 13:45,90,W
8/10/2006 14:00,95,W
8/10/2006 14:15,96,W
8/10/2006 14:30,95,W
8/10/2006 14:45,104,W
8/10/2006 15:00,104,W
8/10/2006 15:15,106,W
8/10/2006 15:30,87,W
8/10/2006 15:45,111,W
8/10/2006 16:00,110,W
8/10/2006 16:15,121,W
8/10/2006 16:30,100,W
8/10/2006 16:45,104,W
8/10/2006 17:00,101,W
8/10/2006 17:15,109,W
8/10/2006 17:30,111,W
8/10/2006 17:45,82,W
8/10/2006 18:00,84,W
8/10/2006 18:15,92,W
8/10/2006 18:30,80,W
8/10/2006 18:45,73,W
8/10/2006 19:00,75,W
8/10/2006 19:15,61,W
8/10/2006 19:30,59,W
8/10/2006 19:45,47,W
8/10/2006 20:00,39,W
8/10/2006 20:15,36,W
8/10/2006 20:30,53,W
8/10/2006 20:45,38,W
8/10/2006 21:00,39,W
8/10/2006 21:15,38,W
8/10/2006 21:30,45,W
8/10/2006 21:45,41,W
8/10/2006 22:00,47,W
8/10/2006 22:15,39,W
8/10/2006 22:30,36,W
8/10/2006 22:45,22,W
8/10/2006 23:00,20,W
8/10/2006 23:15,24,W
8/10/2006 23:30,17,W
8/10/2006 23:45,8,W
9/10/2006 00:00,17,W
9/10/2006 00:15,14,W
9/10/2006 00:30,3,W
9/10/2006 00:45,6,W
9/10/2006 01:00,7,W
9/10/2006 01:15,2,W
9/10/2006 01:30,7,W
9/10/2006 01:45,5,W
9/10/2006 02:00,6,W
9/10/2006 02:15,2,W
9/10/2006 02:30,7,W
9/10/2006 02:45,3,W
9/10/2006 03:00,4,W
9/10/2006 03:15,5,W
9/10/2006 03:30,2,W
9/10/2006 03:45,1,W
9/10/2006 04:00,2,W
9/10/2006 04:15,4,W
9/10/2006 04:30,8,W
9/10/2006 04:45,4,W
9/10/2006 05:00,7,W
9/10/2006 05:15,5,W
9/10/2006 05:30,10,W
9/10/2006 05:45,18,W
9/10/2006 06:00,12,W
9/10/2006 06:15,15,W
9/10/2006 06:30,18,W
9/10/2006 06:45,40,W
9/10/2006 07:00,50,W
9/10/2006 07:15,54,W
9/10/2006 07:30,61,W
9/10/2006 07:45,106,W
9/10/2006 08:00,122,W
9/10/2006 08:15,128,W
9/10/2006 08:30,119,W
9/10/2006 08:45,123,W
9/10/2006 09:00,95,W
9/10/2006 09:15,105,W
9/10/2006 09:30,97,W
9/10/2006 09:45,105,W
9/10/2006 10:00,94,W
9/10/2006 10:15,91,W
9/10/2006 10:30,82,W
9/10/2006 10:45,104,W
9/10/2006 11:00,104,W
9/10/2006 11:15,114,W
9/10/2006 11:30,90,W
9/10/2006 11:45,100,W
9/10/2006 12:00,108,W
9/10/2006 12:15,107,W
9/10/2006 12:30,111,W
9/10/2006 12:45,103,W
9/10/2006 13:00,113,W
9/10/2006 13:15,101,W
9/10/2006 13:30,98,W
9/10/2006 13:45,97,W
9/10/2006 14:00,127,W
9/10/2006 14:15,126,W
9/10/2006 14:30,130,W
9/10/2006 14:45,135,W
9/10/2006 15:00,137,W
9/10/2006 15:15,210,W
9/10/2006 15:30,196,W
9/10/2006 15:45,139,W
9/10/2006 16:00,154,W
9/10/2006 16:15,167,W
9/10/2006 16:30,201,W
9/10/2006 16:45,165,W
9/10/2006 17:00,204,W
9/10/2006 17:15,236,W
9/10/2006 17:30,253,W
9/10/2006 17:45,251,W
9/10/2006 18:00,242,W
9/10/2006 18:15,246,W
9/10/2006 18:30,166,W
9/10/2006 18:45,187,W
9/10/2006 19:00,122,W
9/10/2006 19:15,112,W
9/10/2006 19:30,80,W
9/10/2006 19:45,79,W
9/10/2006 20:00,62,W
9/10/2006 20:15,56,W
9/10/2006 20:30,62,W
9/10/2006 20:45,51,W
9/10/2006 21:00,57,W
9/10/2006 21:15,51,W
9/10/2006 21:30,44,W
9/10/2006 21:45,52,W
9/10/2006 22:00,38,W
9/10/2006 22:15,34,W
9/10/2006 22:30,35,W
9/10/2006 22:45,34,W
9/10/2006 23:00,27,W
9/10/2006 23:15,24,W
9/10/2006 23:30,15,W
9/10/2006 23:45,13,W
10/10/2006 00:00,16,W
10/10/2006 00:15,12,W
10/10/2006 00:30,3,W
10/10/2006 00:45,1,W
10/10/2006 01:00,6,W
10/10/2006 01:15,10,W
10/10/2006 01:30,9,W
10/10/2006 01:45,4,W
10/10/2006 02:00,4,W
10/10/2006 02:15,3,W
10/10/2006 02:30,2,W
10/10/2006 02:45,2,W
10/10/2006 03:00,3,W
10/10/2006 03:15,1,W
10/10/2006 03:30,1,W
10/10/2006 03:45,5,W
10/10/2006 04:00,2,W
10/10/2006 04:15,4,W
10/10/2006 04:30,2,W
10/10/2006 04:45,6,W
10/10/2006 05:00,3,W
10/10/2006 05:15,6,W
10/10/2006 05:30,10,W
10/10/2006 05:45,13,W
10/10/2006 06:00,19,W
10/10/2006 06:15,17,W
10/10/2006 06:30,29,W
10/10/2006 06:45,46,W
10/10/2006 07:00,35,W
10/10/2006 07:15,64,W
10/10/2006 07:30,61,W
10/10/2006 07:45,103,W
10/10/2006 08:00,135,W
10/10/2006 08:15,97,W
10/10/2006 08:30,136,W
10/10/2006 08:45,144,W
10/10/2006 09:00,86,W
10/10/2006 09:15,90,W
10/10/2006 09:30,74,W
10/10/2006 09:45,106,W
10/10/2006 10:00,91,W
10/10/2006 10:15,88,W
10/10/2006 10:30,86,W
10/10/2006 10:45,89,W
10/10/2006 11:00,109,W
10/10/2006 11:15,119,W
10/10/2006 11:30,101,W
10/10/2006 11:45,102,W
10/10/2006 12:00,94,W
10/10/2006 12:15,110,W
10/10/2006 12:30,114,W
10/10/2006 12:45,110,W
10/10/2006 13:00,114,W
10/10/2006 13:15,102,W
10/10/2006 13:30,100,W
10/10/2006 13:45,114,W
10/10/2006 14:00,102,W
10/10/2006 14:15,113,W
10/10/2006 14:30,148,W
10/10/2006 14:45,122,W
10/10/2006 15:00,179,W
10/10/2006 15:15,185,W
10/10/2006 15:30,226,W
10/10/2006 15:45,147,W
10/10/2006 16:00,152,W
10/10/2006 16:15,180,W
10/10/2006 16:30,228,W
10/10/2006 16:45,184,W
10/10/2006 17:00,208,W
10/10/2006 17:15,252,W
10/10/2006 17:30,250,W
10/10/2006 17:45,238,W
10/10/2006 18:00,252,W
10/10/2006 18:15,220,W
10/10/2006 18:30,193,W
10/10/2006 18:45,159,W
10/10/2006 19:00,159,W
10/10/2006 19:15,124,W
10/10/2006 19:30,98,W
10/10/2006 19:45,79,W
10/10/2006 20:00,74,W
10/10/2006 20:15,61,W
10/10/2006 20:30,52,W
10/10/2006 20:45,69,W
10/10/2006 21:00,60,W
10/10/2006 21:15,39,W
10/10/2006 21:30,62,W
10/10/2006 21:45,60,W
10/10/2006 22:00,42,W
10/10/2006 22:15,36,W
10/10/2006 22:30,48,W
10/10/2006 22:45,33,W
10/10/2006 23:00,37,W
10/10/2006 23:15,25,W
10/10/2006 23:30,25,W
10/10/2006 23:45,24,W
11/10/2006 00:00,12,W
11/10/2006 00:15,14,W
11/10/2006 00:30,7,W
11/10/2006 00:45,8,W
11/10/2006 01:00,4,W
11/10/2006 01:15,8,W
11/10/2006 01:30,6,W
11/10/2006 01:45,6,W
11/10/2006 02:00,5,W
11/10/2006 02:15,6,W
11/10/2006 02:30,1,W
11/10/2006 02:45,0,W
11/10/2006 03:00,2,W
11/10/2006 03:15,3,W
11/10/2006 03:30,1,W
11/10/2006 03:45,2,W
11/10/2006 04:00,3,W
11/10/2006 04:15,5,W
11/10/2006 04:30,3,W
11/10/2006 04:45,5,W
11/10/2006 05:00,6,W
11/10/2006 05:15,1,W
11/10/2006 05:30,8,W
11/10/2006 05:45,12,W
11/10/2006 06:00,15,W
11/10/2006 06:15,21,W
11/10/2006 06:30,34,W
11/10/2006 06:45,49,W
11/10/2006 07:00,31,W
11/10/2006 07:15,49,W
11/10/2006 07:30,77,W
11/10/2006 07:45,99,W
11/10/2006 08:00,137,W
11/10/2006 08:15,102,W
11/10/2006 08:30,135,W
11/10/2006 08:45,154,W
11/10/2006 09:00,79,W
11/10/2006 09:15,105,W
11/10/2006 09:30,96,W
11/10/2006 09:45,105,W
11/10/2006 10:00,108,W
11/10/2006 10:15,81,W
11/10/2006 10:30,95,W
11/10/2006 10:45,87,W
11/10/2006 11:00,119,W
11/10/2006 11:15,95,W
11/10/2006 11:30,111,W
11/10/2006 11:45,91,W
11/10/2006 12:00,105,W
11/10/2006 12:15,120,W
11/10/2006 12:30,112,W
11/10/2006 12:45,118,W
11/10/2006 13:00,108,W
11/10/2006 13:15,102,W
11/10/2006 13:30,81,W
11/10/2006 13:45,88,W
11/10/2006 14:00,122,W
11/10/2006 14:15,112,W
11/10/2006 14:30,123,W
11/10/2006 14:45,147,W
11/10/2006 15:00,172,W
11/10/2006 15:15,201,W
11/10/2006 15:30,207,W
11/10/2006 15:45,144,W
11/10/2006 16:00,163,W
11/10/2006 16:15,200,W
11/10/2006 16:30,187,W
11/10/2006 16:45,137,W
11/10/2006 17:00,89,W
11/10/2006 17:15,135,W
11/10/2006 17:30,218,W
11/10/2006 17:45,208,W
11/10/2006 18:00,268,W
11/10/2006 18:15,220,W
11/10/2006 18:30,156,W
11/10/2006 18:45,191,W
11/10/2006 19:00,150,W
11/10/2006 19:15,124,W
11/10/2006 19:30,117,W
11/10/2006 19:45,92,W
11/10/2006 20:00,70,W
11/10/2006 20:15,63,W
11/10/2006 20:30,60,W
11/10/2006 20:45,58,W
11/10/2006 21:00,63,W
11/10/2006 21:15,56,W
11/10/2006 21:30,72,W
11/10/2006 21:45,70,W
11/10/2006 22:00,64,W
11/10/2006 22:15,59,W
11/10/2006 22:30,53,W
11/10/2006 22:45,43,W
11/10/2006 23:00,49,W
11/10/2006 23:15,30,W
11/10/2006 23:30,31,W
11/10/2006 23:45,13,W
12/10/2006 00:00,22,W
12/10/2006 00:15,13,W
12/10/2006 00:30,10,W
12/10/2006 00:45,11,W
12/10/2006 01:00,5,W
12/10/2006 01:15,8,W
12/10/2006 01:30,5,W
12/10/2006 01:45,6,W
12/10/2006 02:00,4,W
12/10/2006 02:15,5,W
12/10/2006 02:30,3,W
12/10/2006 02:45,1,W
12/10/2006 03:00,8,W
12/10/2006 03:15,7,W
12/10/2006 03:30,6,W
12/10/2006 03:45,2,W
12/10/2006 04:00,4,W
12/10/2006 04:15,5,W
12/10/2006 04:30,3,W
12/10/2006 04:45,4,W
12/10/2006 05:00,5,W
12/10/2006 05:15,9,W
12/10/2006 05:30,6,W
12/10/2006 05:45,10,W
12/10/2006 06:00,13,W
12/10/2006 06:15,17,W
12/10/2006 06:30,22,W
12/10/2006 06:45,34,W
12/10/2006 07:00,40,W
12/10/2006 07:15,51,W
12/10/2006 07:30,81,W
12/10/2006 07:45,113,W
12/10/2006 08:00,143,W
12/10/2006 08:15,123,W
12/10/2006 08:30,123,W
12/10/2006 08:45,116,W
12/10/2006 09:00,110,W
12/10/2006 09:15,126,W
12/10/2006 09:30,97,W
12/10/2006 09:45,112,W
12/10/2006 10:00,98,W
12/10/2006 10:15,128,W
12/10/2006 10:30,85,W
12/10/2006 10:45,89,W
12/10/2006 11:00,120,W
12/10/2006 11:15,100,W
12/10/2006 11:30,105,W
12/10/2006 11:45,85,W
12/10/2006 12:00,100,W
12/10/2006 12:15,103,W
12/10/2006 12:30,113,W
12/10/2006 12:45,102,W
12/10/2006 13:00,100,W
12/10/2006 13:15,130,W
12/10/2006 13:30,96,W
12/10/2006 13:45,110,W
12/10/2006 14:00,100,W
12/10/2006 14:15,109,W
12/10/2006 14:30,121,W
12/10/2006 14:45,141,W
12/10/2006 15:00,173,W
12/10/2006 15:15,235,W
12/10/2006 15:30,209,W
12/10/2006 15:45,145,W
12/10/2006 16:00,161,W
12/10/2006 16:15,161,W
12/10/2006 16:30,187,W
12/10/2006 16:45,173,W
12/10/2006 17:00,214,W
12/10/2006 17:15,221,W
12/10/2006 17:30,253,W
12/10/2006 17:45,233,W
12/10/2006 18:00,207,W
12/10/2006 18:15,244,W
12/10/2006 18:30,209,W
12/10/2006 18:45,157,W
12/10/2006 19:00,142,W
12/10/2006 19:15,116,W
12/10/2006 19:30,96,W
12/10/2006 19:45,75,W
12/10/2006 20:00,71,W
12/10/2006 20:15,76,W
12/10/2006 20:30,65,W
12/10/2006 20:45,57,W
12/10/2006 21:00,52,W
12/10/2006 21:15,73,W
12/10/2006 21:30,57,W
12/10/2006 21:45,75,W
12/10/2006 22:00,67,W
12/10/2006 22:15,71,W
12/10/2006 22:30,49,W
12/10/2006 22:45,48,W
12/10/2006 23:00,36,W
12/10/2006 23:15,40,W
12/10/2006 23:30,29,W
12/10/2006 23:45,19,W
13/10/2006 00:00,17,W
13/10/2006 00:15,13,W
13/10/2006 00:30,14,W
13/10/2006 00:45,14,W
13/10/2006 01:00,7,W
13/10/2006 01:15,11,W
13/10/2006 01:30,6,W
13/10/2006 01:45,8,W
13/10/2006 02:00,5,W
13/10/2006 02:15,7,W
13/10/2006 02:30,7,W
13/10/2006 02:45,7,W
13/10/2006 03:00,9,W
13/10/2006 03:15,5,W
13/10/2006 03:30,5,W
13/10/2006 03:45,1,W
13/10/2006 04:00,5,W
13/10/2006 04:15,2,W
13/10/2006 04:30,2,W
13/10/2006 04:45,5,W
13/10/2006 05:00,6,W
13/10/2006 05:15,6,W
13/10/2006 05:30,10,W
13/10/2006 05:45,13,W
13/10/2006 06:00,21,W
13/10/2006 06:15,11,W
13/10/2006 06:30,30,W
13/10/2006 06:45,40,W
13/10/2006 07:00,33,W
13/10/2006 07:15,52,W
13/10/2006 07:30,74,W
13/10/2006 07:45,91,W
13/10/2006 08:00,176,W
13/10/2006 08:15,126,W
13/10/2006 08:30,144,W
13/10/2006 08:45,146,W
13/10/2006 09:00,120,W
13/10/2006 09:15,87,W
13/10/2006 09:30,92,W
13/10/2006 09:45,71,W
13/10/2006 10:00,57,W
13/10/2006 10:15,101,W
13/10/2006 10:30,88,W
13/10/2006 10:45,117,W
13/10/2006 11:00,88,W
13/10/2006 11:15,108,W
13/10/2006 11:30,131,W
13/10/2006 11:45,97,W
13/10/2006 12:00,122,W
13/10/2006 12:15,114,W
13/10/2006 12:30,128,W
13/10/2006 12:45,121,W
13/10/2006 13:00,123,W
13/10/2006 13:15,117,W
13/10/2006 13:30,112,W
13/10/2006 13:45,109,W
13/10/2006 14:00,86,W
13/10/2006 14:15,120,W
13/10/2006 14:30,125,W
13/10/2006 14:45,144,W
13/10/2006 15:00,167,W
13/10/2006 15:15,212,W
13/10/2006 15:30,195,W
13/10/2006 15:45,171,W
13/10/2006 16:00,216,W
13/10/2006 16:15,157,W
13/10/2006 16:30,207,W
13/10/2006 16:45,220,W
13/10/2006 17:00,231,W
13/10/2006 17:15,202,W
13/10/2006 17:30,254,W
13/10/2006 17:45,260,W
13/10/2006 18:00,261,W
13/10/2006 18:15,198,W
13/10/2006 18:30,162,W
13/10/2006 18:45,160,W
13/10/2006 19:00,121,W
13/10/2006 19:15,93,W
13/10/2006 19:30,105,W
13/10/2006 19:45,92,W
13/10/2006 20:00,80,W
13/10/2006 20:15,53,W
13/10/2006 20:30,67,W
13/10/2006 20:45,53,W
13/10/2006 21:00,66,W
13/10/2006 21:15,65,W
13/10/2006 21:30,61,W
13/10/2006 21:45,58,W
13/10/2006 22:00,54,W
13/10/2006 22:15,64,W
13/10/2006 22:30,59,W
13/10/2006 22:45,55,W
13/10/2006 23:00,65,W
13/10/2006 23:15,55,W
13/10/2006 23:30,51,W
13/10/2006 23:45,45,W
14/10/2006 00:00,41,W
14/10/2006 00:15,31,W
14/10/2006 00:30,26,W
14/10/2006 00:45,26,W
14/10/2006 01:00,16,W
14/10/2006 01:15,24,W
14/10/2006 01:30,24,W
14/10/2006 01:45,23,W
14/10/2006 02:00,17,W
14/10/2006 02:15,23,W
14/10/2006 02:30,9,W
14/10/2006 02:45,11,W
14/10/2006 03:00,9,W
14/10/2006 03:15,14,W
14/10/2006 03:30,9,W
14/10/2006 03:45,7,W
14/10/2006 04:00,18,W
14/10/2006 04:15,7,W
14/10/2006 04:30,9,W
14/10/2006 04:45,7,W
14/10/2006 05:00,11,W
14/10/2006 05:15,8,W
14/10/2006 05:30,7,W
14/10/2006 05:45,14,W
14/10/2006 06:00,13,W
14/10/2006 06:15,14,W
14/10/2006 06:30,10,W
14/10/2006 06:45,20,W
14/10/2006 07:00,26,W
14/10/2006 07:15,24,W
14/10/2006 07:30,32,W
14/10/2006 07:45,43,W
14/10/2006 08:00,52,W
14/10/2006 08:15,70,W
14/10/2006 08:30,70,W
14/10/2006 08:45,90,W
14/10/2006 09:00,71,W
14/10/2006 09:15,99,W
14/10/2006 09:30,99,W
14/10/2006 09:45,109,W
14/10/2006 10:00,115,W
14/10/2006 10:15,95,W
14/10/2006 10:30,116,W
14/10/2006 10:45,134,W
14/10/2006 11:00,110,W
14/10/2006 11:15,139,W
14/10/2006 11:30,106,W
14/10/2006 11:45,172,W
14/10/2006 12:00,131,W
14/10/2006 12:15,138,W
14/10/2006 12:30,134,W
14/10/2006 12:45,117,W
14/10/2006 13:00,119,W
14/10/2006 13:15,137,W
14/10/2006 13:30,103,W
14/10/2006 13:45,155,W
14/10/2006 14:00,105,W
14/10/2006 14:15,92,W
14/10/2006 14:30,121,W
14/10/2006 14:45,141,W
14/10/2006 15:00,131,W
14/10/2006 15:15,118,W
14/10/2006 15:30,106,W
14/10/2006 15:45,117,W
14/10/2006 16:00,109,W
14/10/2006 16:15,128,W
14/10/2006 16:30,125,W
14/10/2006 16:45,109,W
14/10/2006 17:00,126,W
14/10/2006 17:15,114,W
14/10/2006 17:30,126,W
14/10/2006 17:45,121,W
14/10/2006 18:00,108,W
14/10/2006 18:15,86,W
14/10/2006 18:30,114,W
14/10/2006 18:45,89,W
14/10/2006 19:00,89,W
14/10/2006 19:15,78,W
14/10/2006 19:30,57,W
14/10/2006 19:45,56,W
14/10/2006 20:00,66,W
14/10/2006 20:15,61,W
14/10/2006 20:30,39,W
14/10/2006 20:45,46,W
14/10/2006 21:00,48,W
14/10/2006 21:15,49,W
14/10/2006 21:30,45,W
14/10/2006 21:45,55,W
14/10/2006 22:00,50,W
14/10/2006 22:15,40,W
14/10/2006 22:30,39,W
14/10/2006 22:45,61,W
14/10/2006 23:00,45,W
14/10/2006 23:15,54,W
14/10/2006 23:30,52,W
14/10/2006 23:45,39,W
15/10/2006 00:00,40,W
15/10/2006 00:15,62,W
15/10/2006 00:30,30,W
15/10/2006 00:45,29,W
15/10/2006 01:00,32,W
15/10/2006 01:15,27,W
15/10/2006 01:30,25,W
15/10/2006 01:45,17,W
15/10/2006 02:00,22,W
15/10/2006 02:15,24,W
15/10/2006 02:30,25,W
15/10/2006 02:45,9,W
15/10/2006 03:00,21,W
15/10/2006 03:15,7,W
15/10/2006 03:30,15,W
15/10/2006 03:45,12,W
15/10/2006 04:00,18,W
15/10/2006 04:15,9,W
15/10/2006 04:30,8,W
15/10/2006 04:45,6,W
15/10/2006 05:00,9,W
15/10/2006 05:15,10,W
15/10/2006 05:30,10,W
15/10/2006 05:45,9,W
15/10/2006 06:00,17,W
15/10/2006 06:15,10,W
15/10/2006 06:30,10,W
15/10/2006 06:45,11,W
15/10/2006 07:00,16,W
15/10/2006 07:15,17,W
15/10/2006 07:30,19,W
15/10/2006 07:45,22,W
15/10/2006 08:00,14,W
15/10/2006 08:15,30,W
15/10/2006 08:30,33,W
15/10/2006 08:45,45,W
15/10/2006 09:00,45,W
15/10/2006 09:15,62,W
15/10/2006 09:30,60,W
15/10/2006 09:45,58,W
15/10/2006 10:00,82,W
15/10/2006 10:15,75,W
15/10/2006 10:30,61,W
15/10/2006 10:45,75,W
15/10/2006 11:00,81,W
15/10/2006 11:15,80,W
15/10/2006 11:30,93,W
15/10/2006 11:45,90,W
15/10/2006 12:00,80,W
15/10/2006 12:15,105,W
15/10/2006 12:30,90,W
15/10/2006 12:45,98,W
15/10/2006 13:00,101,W
15/10/2006 13:15,106,W
15/10/2006 13:30,103,W
15/10/2006 13:45,77,W
15/10/2006 14:00,113,W
15/10/2006 14:15,84,W
15/10/2006 14:30,93,W
15/10/2006 14:45,114,W
15/10/2006 15:00,105,W
15/10/2006 15:15,95,W
15/10/2006 15:30,124,W
15/10/2006 15:45,121,W
15/10/2006 16:00,86,W
15/10/2006 16:15,119,W
15/10/2006 16:30,108,W
15/10/2006 16:45,89,W
15/10/2006 17:00,98,W
15/10/2006 17:15,95,W
15/10/2006 17:30,120,W
15/10/2006 17:45,100,W
15/10/2006 18:00,90,W
15/10/2006 18:15,93,W
15/10/2006 18:30,89,W
15/10/2006 18:45,77,W
15/10/2006 19:00,68,W
15/10/2006 19:15,80,W
15/10/2006 19:30,68,W
15/10/2006 19:45,58,W
15/10/2006 20:00,65,W
15/10/2006 20:15,51,W
15/10/2006 20:30,41,W
15/10/2006 20:45,36,W
15/10/2006 21:00,54,W
15/10/2006 21:15,37,W
15/10/2006 21:30,37,W
15/10/2006 21:45,57,W
15/10/2006 22:00,42,W
15/10/2006 22:15,29,W
15/10/2006 22:30,31,W
15/10/2006 22:45,24,W
15/10/2006 23:00,24,W
15/10/2006 23:15,20,W
15/10/2006 23:30,22,W
15/10/2006 23:45,15,W
16/10/2006 00:00,9,W
16/10/2006 00:15,12,W
16/10/2006 00:30,14,W
16/10/2006 00:45,5,W
16/10/2006 01:00,7,W
16/10/2006 01:15,4,W
16/10/2006 01:30,7,W
16/10/2006 01:45,9,W
16/10/2006 02:00,3,W
16/10/2006 02:15,3,W
16/10/2006 02:30,6,W
16/10/2006 02:45,3,W
16/10/2006 03:00,3,W
16/10/2006 03:15,6,W
16/10/2006 03:30,2,W
16/10/2006 03:45,1,W
16/10/2006 04:00,5,W
16/10/2006 04:15,6,W
16/10/2006 04:30,2,W
16/10/2006 04:45,6,W
16/10/2006 05:00,8,W
16/10/2006 05:15,4,W
16/10/2006 05:30,6,W
16/10/2006 05:45,16,W
16/10/2006 06:00,13,W
16/10/2006 06:15,17,W
16/10/2006 06:30,23,W
16/10/2006 06:45,41,W
16/10/2006 07:00,34,W
16/10/2006 07:15,48,W
16/10/2006 07:30,71,W
16/10/2006 07:45,99,W
16/10/2006 08:00,149,W
16/10/2006 08:15,127,W
16/10/2006 08:30,142,W
16/10/2006 08:45,130,W
16/10/2006 09:00,112,W
16/10/2006 09:15,107,W
16/10/2006 09:30,84,W
16/10/2006 09:45,106,W
16/10/2006 10:00,118,W
16/10/2006 10:15,83,W
16/10/2006 10:30,74,W
16/10/2006 10:45,104,W
16/10/2006 11:00,102,W
16/10/2006 11:15,102,W
16/10/2006 11:30,98,W
16/10/2006 11:45,106,W
16/10/2006 12:00,109,W
16/10/2006 12:15,105,W
16/10/2006 12:30,99,W
16/10/2006 12:45,117,W
16/10/2006 13:00,121,W
16/10/2006 13:15,90,W
16/10/2006 13:30,97,W
16/10/2006 13:45,107,W
16/10/2006 14:00,110,W
16/10/2006 14:15,114,W
16/10/2006 14:30,123,W
16/10/2006 14:45,140,W
16/10/2006 15:00,166,W
16/10/2006 15:15,199,W
16/10/2006 15:30,197,W
16/10/2006 15:45,150,W
16/10/2006 16:00,152,W
16/10/2006 16:15,183,W
16/10/2006 16:30,196,W
16/10/2006 16:45,185,W
16/10/2006 17:00,213,W
16/10/2006 17:15,253,W
16/10/2006 17:30,271,W
16/10/2006 17:45,258,W
16/10/2006 18:00,256,W
16/10/2006 18:15,227,W
16/10/2006 18:30,203,W
16/10/2006 18:45,169,W
16/10/2006 19:00,110,W
16/10/2006 19:15,115,W
16/10/2006 19:30,95,W
16/10/2006 19:45,92,W
16/10/2006 20:00,69,W
16/10/2006 20:15,70,W
16/10/2006 20:30,61,W
16/10/2006 20:45,51,W
16/10/2006 21:00,58,W
16/10/2006 21:15,62,W
16/10/2006 21:30,52,W
16/10/2006 21:45,53,W
16/10/2006 22:00,52,W
16/10/2006 22:15,45,W
16/10/2006 22:30,37,W
16/10/2006 22:45,30,W
16/10/2006 23:00,17,W
16/10/2006 23:15,23,W
16/10/2006 23:30,17,W
16/10/2006 23:45,16,W
17/10/2006 00:00,12,W
17/10/2006 00:15,16,W
17/10/2006 00:30,5,W
17/10/2006 00:45,8,W
17/10/2006 01:00,3,W
17/10/2006 01:15,3,W
17/10/2006 01:30,7,W
17/10/2006 01:45,7,W
17/10/2006 02:00,3,W
17/10/2006 02:15,5,W
17/10/2006 02:30,0,W
17/10/2006 02:45,0,W
17/10/2006 03:00,2,W
17/10/2006 03:15,5,W
17/10/2006 03:30,1,W
17/10/2006 03:45,4,W
17/10/2006 04:00,2,W
17/10/2006 04:15,0,W
17/10/2006 04:30,5,W
17/10/2006 04:45,5,W
17/10/2006 05:00,5,W
17/10/2006 05:15,6,W
17/10/2006 05:30,8,W
17/10/2006 05:45,15,W
17/10/2006 06:00,20,W
17/10/2006 06:15,25,W
17/10/2006 06:30,27,W
17/10/2006 06:45,50,W
17/10/2006 07:00,57,W
17/10/2006 07:15,53,W
17/10/2006 07:30,58,W
17/10/2006 07:45,101,W
17/10/2006 08:00,141,W
17/10/2006 08:15,115,W
17/10/2006 08:30,149,W
17/10/2006 08:45,119,W
17/10/2006 09:00,109,W
17/10/2006 09:15,91,W
17/10/2006 09:30,100,W
17/10/2006 09:45,102,W
17/10/2006 10:00,111,W
17/10/2006 10:15,85,W
17/10/2006 10:30,91,W
17/10/2006 10:45,89,W
17/10/2006 11:00,102,W
17/10/2006 11:15,94,W
17/10/2006 11:30,105,W
17/10/2006 11:45,126,W
17/10/2006 12:00,113,W
17/10/2006 12:15,124,W
17/10/2006 12:30,111,W
17/10/2006 12:45,134,W
17/10/2006 13:00,96,W
17/10/2006 13:15,111,W
17/10/2006 13:30,100,W
17/10/2006 13:45,108,W
17/10/2006 14:00,122,W
17/10/2006 14:15,115,W
17/10/2006 14:30,141,W
17/10/2006 14:45,123,W
17/10/2006 15:00,163,W
17/10/2006 15:15,208,W
17/10/2006 15:30,175,W
17/10/2006 15:45,144,W
17/10/2006 16:00,175,W
17/10/2006 16:15,157,W
17/10/2006 16:30,178,W
17/10/2006 16:45,164,W
17/10/2006 17:00,191,W
17/10/2006 17:15,250,W
17/10/2006 17:30,271,W
17/10/2006 17:45,242,W
17/10/2006 18:00,230,W
17/10/2006 18:15,215,W
17/10/2006 18:30,204,W
17/10/2006 18:45,159,W
17/10/2006 19:00,150,W
17/10/2006 19:15,131,W
17/10/2006 19:30,97,W
17/10/2006 19:45,61,W
17/10/2006 20:00,77,W
17/10/2006 20:15,68,W
17/10/2006 20:30,57,W
17/10/2006 20:45,49,W
17/10/2006 21:00,57,W
17/10/2006 21:15,64,W
17/10/2006 21:30,70,W
17/10/2006 21:45,57,W
17/10/2006 22:00,58,W
17/10/2006 22:15,49,W
17/10/2006 22:30,50,W
17/10/2006 22:45,47,W
17/10/2006 23:00,35,W
17/10/2006 23:15,32,W
17/10/2006 23:30,22,W
17/10/2006 23:45,23,W
18/10/2006 00:00,17,W
18/10/2006 00:15,9,W
18/10/2006 00:30,11,W
18/10/2006 00:45,11,W
18/10/2006 01:00,11,W
18/10/2006 01:15,6,W
18/10/2006 01:30,3,W
18/10/2006 01:45,7,W
18/10/2006 02:00,3,W
18/10/2006 02:15,4,W
18/10/2006 02:30,0,W
18/10/2006 02:45,2,W
18/10/2006 03:00,2,W
18/10/2006 03:15,5,W
18/10/2006 03:30,5,W
18/10/2006 03:45,3,W
18/10/2006 04:00,0,W
18/10/2006 04:15,4,W
18/10/2006 04:30,1,W
18/10/2006 04:45,7,W
18/10/2006 05:00,2,W
18/10/2006 05:15,4,W
18/10/2006 05:30,7,W
18/10/2006 05:45,15,W
18/10/2006 06:00,18,W
18/10/2006 06:15,18,W
18/10/2006 06:30,30,W
18/10/2006 06:45,39,W
18/10/2006 07:00,42,W
18/10/2006 07:15,41,W
18/10/2006 07:30,91,W
18/10/2006 07:45,108,W
18/10/2006 08:00,145,W
18/10/2006 08:15,114,W
18/10/2006 08:30,142,W
18/10/2006 08:45,123,W
18/10/2006 09:00,87,W
18/10/2006 09:15,104,W
18/10/2006 09:30,104,W
18/10/2006 09:45,114,W
18/10/2006 10:00,82,W
18/10/2006 10:15,89,W
18/10/2006 10:30,78,W
18/10/2006 10:45,109,W
18/10/2006 11:00,101,W
18/10/2006 11:15,107,W
18/10/2006 11:30,87,W
18/10/2006 11:45,110,W
18/10/2006 12:00,123,W
18/10/2006 12:15,112,W
18/10/2006 12:30,115,W
18/10/2006 12:45,119,W
18/10/2006 13:00,112,W
18/10/2006 13:15,126,W
18/10/2006 13:30,122,W
18/10/2006 13:45,103,W
18/10/2006 14:00,103,W
18/10/2006 14:15,120,W
18/10/2006 14:30,109,W
18/10/2006 14:45,135,W
18/10/2006 15:00,152,W
18/10/2006 15:15,213,W
18/10/2006 15:30,193,W
18/10/2006 15:45,171,W
18/10/2006 16:00,140,W
18/10/2006 16:15,161,W
18/10/2006 16:30,205,W
18/10/2006 16:45,183,W
18/10/2006 17:00,214,W
18/10/2006 17:15,231,W
18/10/2006 17:30,226,W
18/10/2006 17:45,249,W
18/10/2006 18:00,238,W
18/10/2006 18:15,230,W
18/10/2006 18:30,203,W
18/10/2006 18:45,146,W
18/10/2006 19:00,161,W
18/10/2006 19:15,137,W
18/10/2006 19:30,118,W
18/10/2006 19:45,70,W
18/10/2006 20:00,60,W
18/10/2006 20:15,74,W
18/10/2006 20:30,74,W
18/10/2006 20:45,54,W
18/10/2006 21:00,57,W
18/10/2006 21:15,62,W
18/10/2006 21:30,67,W
18/10/2006 21:45,62,W
18/10/2006 22:00,52,W
18/10/2006 22:15,46,W
18/10/2006 22:30,50,W
18/10/2006 22:45,36,W
18/10/2006 23:00,37,W
18/10/2006 23:15,32,W
18/10/2006 23:30,25,W
18/10/2006 23:45,29,W
19/10/2006 00:00,14,W
19/10/2006 00:15,21,W
19/10/2006 00:30,10,W
19/10/2006 00:45,11,W
19/10/2006 01:00,7,W
19/10/2006 01:15,13,W
19/10/2006 01:30,9,W
19/10/2006 01:45,9,W
19/10/2006 02:00,3,W
19/10/2006 02:15,3,W
19/10/2006 02:30,1,W
19/10/2006 02:45,5,W
19/10/2006 03:00,3,W
19/10/2006 03:15,1,W
19/10/2006 03:30,4,W
19/10/2006 03:45,3,W
19/10/2006 04:00,2,W
19/10/2006 04:15,0,W
19/10/2006 04:30,2,W
19/10/2006 04:45,4,W
19/10/2006 05:00,7,W
19/10/2006 05:15,11,W
19/10/2006 05:30,6,W
19/10/2006 05:45,10,W
19/10/2006 06:00,20,W
19/10/2006 06:15,16,W
19/10/2006 06:30,25,W
19/10/2006 06:45,47,W
19/10/2006 07:00,40,W
19/10/2006 07:15,53,W
19/10/2006 07:30,75,W
19/10/2006 07:45,93,W
19/10/2006 08:00,139,W
19/10/2006 08:15,113,W
19/10/2006 08:30,148,W
19/10/2006 08:45,132,W
19/10/2006 09:00,81,W
19/10/2006 09:15,105,W
19/10/2006 09:30,116,W
19/10/2006 09:45,106,W
19/10/2006 10:00,109,W
19/10/2006 10:15,98,W
19/10/2006 10:30,88,W
19/10/2006 10:45,105,W
19/10/2006 11:00,86,W
19/10/2006 11:15,114,W
19/10/2006 11:30,113,W
19/10/2006 11:45,99,W
19/10/2006 12:00,91,W
19/10/2006 12:15,134,W
19/10/2006 12:30,99,W
19/10/2006 12:45,121,W
19/10/2006 13:00,107,W
19/10/2006 13:15,115,W
19/10/2006 13:30,91,W
19/10/2006 13:45,125,W
19/10/2006 14:00,114,W
19/10/2006 14:15,108,W
19/10/2006 14:30,135,W
19/10/2006 14:45,119,W
19/10/2006 15:00,155,W
19/10/2006 15:15,198,W
19/10/2006 15:30,198,W
19/10/2006 15:45,156,W
19/10/2006 16:00,173,W
19/10/2006 16:15,173,W
19/10/2006 16:30,176,W
19/10/2006 16:45,171,W
19/10/2006 17:00,230,W
19/10/2006 17:15,243,W
19/10/2006 17:30,239,W
19/10/2006 17:45,236,W
19/10/2006 18:00,261,W
19/10/2006 18:15,230,W
19/10/2006 18:30,189,W
19/10/2006 18:45,207,W
19/10/2006 19:00,165,W
19/10/2006 19:15,111,W
19/10/2006 19:30,81,W
19/10/2006 19:45,99,W
19/10/2006 20:00,75,W
19/10/2006 20:15,78,W
19/10/2006 20:30,56,W
19/10/2006 20:45,50,W
19/10/2006 21:00,105,W
19/10/2006 21:15,90,W
19/10/2006 21:30,69,W
19/10/2006 21:45,59,W
19/10/2006 22:00,48,W
19/10/2006 22:15,51,W
19/10/2006 22:30,40,W
19/10/2006 22:45,38,W
19/10/2006 23:00,46,W
19/10/2006 23:15,27,W
19/10/2006 23:30,26,W
19/10/2006 23:45,30,W
20/10/2006 00:00,22,W
20/10/2006 00:15,13,W
20/10/2006 00:30,20,W
20/10/2006 00:45,12,W
20/10/2006 01:00,9,W
20/10/2006 01:15,12,W
20/10/2006 01:30,10,W
20/10/2006 01:45,9,W
20/10/2006 02:00,5,W
20/10/2006 02:15,6,W
20/10/2006 02:30,3,W
20/10/2006 02:45,4,W
20/10/2006 03:00,3,W
20/10/2006 03:15,4,W
20/10/2006 03:30,6,W
20/10/2006 03:45,3,W
20/10/2006 04:00,5,W
20/10/2006 04:15,3,W
20/10/2006 04:30,5,W
20/10/2006 04:45,8,W
20/10/2006 05:00,1,W
20/10/2006 05:15,5,W
20/10/2006 05:30,11,W
20/10/2006 05:45,12,W
20/10/2006 06:00,18,W
20/10/2006 06:15,20,W
20/10/2006 06:30,29,W
20/10/2006 06:45,36,W
20/10/2006 07:00,37,W
20/10/2006 07:15,55,W
20/10/2006 07:30,71,W
20/10/2006 07:45,88,W
20/10/2006 08:00,119,W
20/10/2006 08:15,120,W
20/10/2006 08:30,144,W
20/10/2006 08:45,143,W
20/10/2006 09:00,103,W
20/10/2006 09:15,98,W
20/10/2006 09:30,127,W
20/10/2006 09:45,87,W
20/10/2006 10:00,114,W
20/10/2006 10:15,100,W
20/10/2006 10:30,110,W
20/10/2006 10:45,105,W
20/10/2006 11:00,114,W
20/10/2006 11:15,113,W
20/10/2006 11:30,120,W
20/10/2006 11:45,123,W
20/10/2006 12:00,138,W
20/10/2006 12:15,139,W
20/10/2006 12:30,150,W
20/10/2006 12:45,134,W
20/10/2006 13:00,119,W
20/10/2006 13:15,107,W
20/10/2006 13:30,108,W
20/10/2006 13:45,135,W
20/10/2006 14:00,121,W
20/10/2006 14:15,118,W
20/10/2006 14:30,133,W
20/10/2006 14:45,121,W
20/10/2006 15:00,148,W
20/10/2006 15:15,234,W
20/10/2006 15:30,193,W
20/10/2006 15:45,150,W
20/10/2006 16:00,169,W
20/10/2006 16:15,192,W
20/10/2006 16:30,227,W
20/10/2006 16:45,214,W
20/10/2006 17:00,250,W
20/10/2006 17:15,252,W
20/10/2006 17:30,224,W
20/10/2006 17:45,228,W
20/10/2006 18:00,246,W
20/10/2006 18:15,192,W
20/10/2006 18:30,160,W
20/10/2006 18:45,133,W
20/10/2006 19:00,113,W
20/10/2006 19:15,128,W
20/10/2006 19:30,94,W
20/10/2006 19:45,84,W
20/10/2006 20:00,65,W
20/10/2006 20:15,64,W
20/10/2006 20:30,55,W
20/10/2006 20:45,50,W
20/10/2006 21:00,53,W
20/10/2006 21:15,53,W
20/10/2006 21:30,54,W
20/10/2006 21:45,46,W
20/10/2006 22:00,44,W
20/10/2006 22:15,62,W
20/10/2006 22:30,42,W
20/10/2006 22:45,39,W
20/10/2006 23:00,58,W
20/10/2006 23:15,45,W
20/10/2006 23:30,74,W
20/10/2006 23:45,50,W
21/10/2006 00:00,39,W
21/10/2006 00:15,47,W
21/10/2006 00:30,28,W
21/10/2006 00:45,37,W
21/10/2006 01:00,22,W
21/10/2006 01:15,25,W
21/10/2006 01:30,14,W
21/10/2006 01:45,19,W
21/10/2006 02:00,17,W
21/10/2006 02:15,12,W
21/10/2006 02:30,24,W
21/10/2006 02:45,11,W
21/10/2006 03:00,12,W
21/10/2006 03:15,9,W
21/10/2006 03:30,6,W
21/10/2006 03:45,2,W
21/10/2006 04:00,6,W
21/10/2006 04:15,10,W
21/10/2006 04:30,13,W
21/10/2006 04:45,7,W
21/10/2006 05:00,4,W
21/10/2006 05:15,7,W
21/10/2006 05:30,4,W
21/10/2006 05:45,8,W
21/10/2006 06:00,8,W
21/10/2006 06:15,15,W
21/10/2006 06:30,13,W
21/10/2006 06:45,27,W
21/10/2006 07:00,24,W
21/10/2006 07:15,23,W
21/10/2006 07:30,38,W
21/10/2006 07:45,39,W
21/10/2006 08:00,60,W
21/10/2006 08:15,66,W
21/10/2006 08:30,72,W
21/10/2006 08:45,85,W
21/10/2006 09:00,76,W
21/10/2006 09:15,85,W
21/10/2006 09:30,94,W
21/10/2006 09:45,103,W
21/10/2006 10:00,97,W
21/10/2006 10:15,110,W
21/10/2006 10:30,100,W
21/10/2006 10:45,128,W
21/10/2006 11:00,115,W
21/10/2006 11:15,133,W
21/10/2006 11:30,129,W
21/10/2006 11:45,114,W
21/10/2006 12:00,128,W
21/10/2006 12:15,115,W
21/10/2006 12:30,115,W
21/10/2006 12:45,149,W
21/10/2006 13:00,83,W
21/10/2006 13:15,93,W
21/10/2006 13:30,106,W
21/10/2006 13:45,89,W
21/10/2006 14:00,112,W
21/10/2006 14:15,114,W
21/10/2006 14:30,117,W
21/10/2006 14:45,91,W
21/10/2006 15:00,95,W
21/10/2006 15:15,101,W
21/10/2006 15:30,112,W
21/10/2006 15:45,125,W
21/10/2006 16:00,133,W
21/10/2006 16:15,117,W
21/10/2006 16:30,87,W
21/10/2006 16:45,121,W
21/10/2006 17:00,117,W
21/10/2006 17:15,94,W
21/10/2006 17:30,118,W
21/10/2006 17:45,123,W
21/10/2006 18:00,79,W
21/10/2006 18:15,88,W
21/10/2006 18:30,81,W
21/10/2006 18:45,85,W
21/10/2006 19:00,75,W
21/10/2006 19:15,74,W
21/10/2006 19:30,67,W
21/10/2006 19:45,64,W
21/10/2006 20:00,58,W
21/10/2006 20:15,47,W
21/10/2006 20:30,47,W
21/10/2006 20:45,53,W
21/10/2006 21:00,31,W
21/10/2006 21:15,46,W
21/10/2006 21:30,48,W
21/10/2006 21:45,43,W
21/10/2006 22:00,46,W
21/10/2006 22:15,57,W
21/10/2006 22:30,60,W
21/10/2006 22:45,57,W
21/10/2006 23:00,67,W
21/10/2006 23:15,46,W
21/10/2006 23:30,56,W
21/10/2006 23:45,50,W
22/10/2006 00:00,45,W
22/10/2006 00:15,46,W
22/10/2006 00:30,38,W
22/10/2006 00:45,36,W
22/10/2006 01:00,33,W
22/10/2006 01:15,35,W
22/10/2006 01:30,27,W
22/10/2006 01:45,29,W
22/10/2006 02:00,18,W
22/10/2006 02:15,20,W
22/10/2006 02:30,15,W
22/10/2006 02:45,16,W
22/10/2006 03:00,19,W
22/10/2006 03:15,22,W
22/10/2006 03:30,10,W
22/10/2006 03:45,10,W
22/10/2006 04:00,11,W
22/10/2006 04:15,10,W
22/10/2006 04:30,8,W
22/10/2006 04:45,8,W
22/10/2006 05:00,6,W
22/10/2006 05:15,6,W
22/10/2006 05:30,8,W
22/10/2006 05:45,11,W
22/10/2006 06:00,8,W
22/10/2006 06:15,6,W
22/10/2006 06:30,9,W
22/10/2006 06:45,12,W
22/10/2006 07:00,10,W
22/10/2006 07:15,9,W
22/10/2006 07:30,16,W
22/10/2006 07:45,16,W
22/10/2006 08:00,22,W
22/10/2006 08:15,37,W
22/10/2006 08:30,34,W
22/10/2006 08:45,39,W
22/10/2006 09:00,48,W
22/10/2006 09:15,44,W
22/10/2006 09:30,56,W
22/10/2006 09:45,65,W
22/10/2006 10:00,90,W
22/10/2006 10:15,63,W
22/10/2006 10:30,72,W
22/10/2006 10:45,85,W
22/10/2006 11:00,95,W
22/10/2006 11:15,83,W
22/10/2006 11:30,94,W
22/10/2006 11:45,83,W
22/10/2006 12:00,112,W
22/10/2006 12:15,95,W
22/10/2006 12:30,105,W
22/10/2006 12:45,101,W
22/10/2006 13:00,110,W
22/10/2006 13:15,95,W
22/10/2006 13:30,91,W
22/10/2006 13:45,95,W
22/10/2006 14:00,93,W
22/10/2006 14:15,67,W
22/10/2006 14:30,102,W
22/10/2006 14:45,88,W
22/10/2006 15:00,97,W
22/10/2006 15:15,106,W
22/10/2006 15:30,102,W
22/10/2006 15:45,114,W
22/10/2006 16:00,109,W
22/10/2006 16:15,105,W
22/10/2006 16:30,110,W
22/10/2006 16:45,93,W
22/10/2006 17:00,128,W
22/10/2006 17:15,109,W
22/10/2006 17:30,106,W
22/10/2006 17:45,114,W
22/10/2006 18:00,77,W
22/10/2006 18:15,87,W
22/10/2006 18:30,77,W
22/10/2006 18:45,82,W
22/10/2006 19:00,71,W
22/10/2006 19:15,80,W
22/10/2006 19:30,59,W
22/10/2006 19:45,43,W
22/10/2006 20:00,47,W
22/10/2006 20:15,40,W
22/10/2006 20:30,57,W
22/10/2006 20:45,57,W
22/10/2006 21:00,38,W
22/10/2006 21:15,44,W
22/10/2006 21:30,38,W
22/10/2006 21:45,39,W
22/10/2006 22:00,43,W
22/10/2006 22:15,32,W
22/10/2006 22:30,27,W
22/10/2006 22:45,28,W
22/10/2006 23:00,32,W
22/10/2006 23:15,22,W
22/10/2006 23:30,23,W
22/10/2006 23:45,14,W
23/10/2006 00:00,16,W
23/10/2006 00:15,11,W
23/10/2006 00:30,6,W
23/10/2006 00:45,8,W
23/10/2006 01:00,2,W
23/10/2006 01:15,4,W
23/10/2006 01:30,9,W
23/10/2006 01:45,3,W
23/10/2006 02:00,3,W
23/10/2006 02:15,3,W
23/10/2006 02:30,2,W
23/10/2006 02:45,5,W
23/10/2006 03:00,6,W
23/10/2006 03:15,6,W
23/10/2006 03:30,2,W
23/10/2006 03:45,2,W
23/10/2006 04:00,5,W
23/10/2006 04:15,5,W
23/10/2006 04:30,0,W
23/10/2006 04:45,6,W
23/10/2006 05:00,6,W
23/10/2006 05:15,5,W
23/10/2006 05:30,10,W
23/10/2006 05:45,10,W
23/10/2006 06:00,18,W
23/10/2006 06:15,19,W
23/10/2006 06:30,28,W
23/10/2006 06:45,37,W
23/10/2006 07:00,37,W
23/10/2006 07:15,58,W
23/10/2006 07:30,61,W
23/10/2006 07:45,93,W
23/10/2006 08:00,140,W
23/10/2006 08:15,119,W
23/10/2006 08:30,133,W
23/10/2006 08:45,144,W
23/10/2006 09:00,106,W
23/10/2006 09:15,95,W
23/10/2006 09:30,88,W
23/10/2006 09:45,111,W
23/10/2006 10:00,98,W
23/10/2006 10:15,101,W
23/10/2006 10:30,82,W
23/10/2006 10:45,101,W
23/10/2006 11:00,96,W
23/10/2006 11:15,86,W
23/10/2006 11:30,124,W
23/10/2006 11:45,75,W
23/10/2006 12:00,81,W
23/10/2006 12:15,113,W
23/10/2006 12:30,97,W
23/10/2006 12:45,88,W
23/10/2006 13:00,100,W
23/10/2006 13:15,110,W
23/10/2006 13:30,109,W
23/10/2006 13:45,99,W
23/10/2006 14:00,123,W
23/10/2006 14:15,114,W
23/10/2006 14:30,109,W
23/10/2006 14:45,135,W
23/10/2006 15:00,176,W
23/10/2006 15:15,215,W
23/10/2006 15:30,179,W
23/10/2006 15:45,166,W
23/10/2006 16:00,178,W
23/10/2006 16:15,161,W
23/10/2006 16:30,191,W
23/10/2006 16:45,177,W
23/10/2006 17:00,219,W
23/10/2006 17:15,265,W
23/10/2006 17:30,245,W
23/10/2006 17:45,250,W
23/10/2006 18:00,240,W
23/10/2006 18:15,210,W
23/10/2006 18:30,174,W
23/10/2006 18:45,182,W
23/10/2006 19:00,133,W
23/10/2006 19:15,118,W
23/10/2006 19:30,81,W
23/10/2006 19:45,72,W
23/10/2006 20:00,73,W
23/10/2006 20:15,64,W
23/10/2006 20:30,58,W
23/10/2006 20:45,39,W
23/10/2006 21:00,58,W
23/10/2006 21:15,57,W
23/10/2006 21:30,46,W
23/10/2006 21:45,48,W
23/10/2006 22:00,42,W
23/10/2006 22:15,33,W
23/10/2006 22:30,49,W
23/10/2006 22:45,25,W
23/10/2006 23:00,26,W
23/10/2006 23:15,20,W
23/10/2006 23:30,10,W
23/10/2006 23:45,11,W
24/10/2006 00:00,15,W
24/10/2006 00:15,8,W
24/10/2006 00:30,6,W
24/10/2006 00:45,4,W
24/10/2006 01:00,7,W
24/10/2006 01:15,8,W
24/10/2006 01:30,4,W
24/10/2006 01:45,4,W
24/10/2006 02:00,5,W
24/10/2006 02:15,2,W
24/10/2006 02:30,1,W
24/10/2006 02:45,2,W
24/10/2006 03:00,1,W
24/10/2006 03:15,6,W
24/10/2006 03:30,1,W
24/10/2006 03:45,1,W
24/10/2006 04:00,6,W
24/10/2006 04:15,3,W
24/10/2006 04:30,4,W
24/10/2006 04:45,5,W
24/10/2006 05:00,5,W
24/10/2006 05:15,6,W
24/10/2006 05:30,11,W
24/10/2006 05:45,11,W
24/10/2006 06:00,25,W
24/10/2006 06:15,18,W
24/10/2006 06:30,29,W
24/10/2006 06:45,48,W
24/10/2006 07:00,62,W
24/10/2006 07:15,57,W
24/10/2006 07:30,53,W
24/10/2006 07:45,103,W
24/10/2006 08:00,128,W
24/10/2006 08:15,127,W
24/10/2006 08:30,114,W
24/10/2006 08:45,144,W
24/10/2006 09:00,82,W
24/10/2006 09:15,117,W
24/10/2006 09:30,92,W
24/10/2006 09:45,108,W
24/10/2006 10:00,96,W
24/10/2006 10:15,84,W
24/10/2006 10:30,113,W
24/10/2006 10:45,87,W
24/10/2006 11:00,101,W
24/10/2006 11:15,106,W
24/10/2006 11:30,98,W
24/10/2006 11:45,99,W
24/10/2006 12:00,112,W
24/10/2006 12:15,100,W
24/10/2006 12:30,121,W
24/10/2006 12:45,114,W
24/10/2006 13:00,115,W
24/10/2006 13:15,135,W
24/10/2006 13:30,115,W
24/10/2006 13:45,99,W
24/10/2006 14:00,114,W
24/10/2006 14:15,132,W
24/10/2006 14:30,124,W
24/10/2006 14:45,123,W
24/10/2006 15:00,154,W
24/10/2006 15:15,204,W
24/10/2006 15:30,172,W
24/10/2006 15:45,146,W
24/10/2006 16:00,186,W
24/10/2006 16:15,169,W
24/10/2006 16:30,183,W
24/10/2006 16:45,167,W
24/10/2006 17:00,263,W
24/10/2006 17:15,214,W
24/10/2006 17:30,272,W
24/10/2006 17:45,231,W
24/10/2006 18:00,245,W
24/10/2006 18:15,212,W
24/10/2006 18:30,194,W
24/10/2006 18:45,171,W
24/10/2006 19:00,130,W
24/10/2006 19:15,115,W
24/10/2006 19:30,102,W
24/10/2006 19:45,70,W
24/10/2006 20:00,111,W
24/10/2006 20:15,78,W
24/10/2006 20:30,64,W
24/10/2006 20:45,68,W
24/10/2006 21:00,68,W
24/10/2006 21:15,63,W
24/10/2006 21:30,66,W
24/10/2006 21:45,63,W
24/10/2006 22:00,56,W
24/10/2006 22:15,38,W
24/10/2006 22:30,35,W
24/10/2006 22:45,32,W
24/10/2006 23:00,34,W
24/10/2006 23:15,22,W
24/10/2006 23:30,20,W
24/10/2006 23:45,23,W
25/10/2006 00:00,16,W
25/10/2006 00:15,18,W
25/10/2006 00:30,14,W
25/10/2006 00:45,7,W
25/10/2006 01:00,8,W
25/10/2006 01:15,7,W
25/10/2006 01:30,11,W
25/10/2006 01:45,1,W
25/10/2006 02:00,8,W
25/10/2006 02:15,4,W
25/10/2006 02:30,4,W
25/10/2006 02:45,7,W
25/10/2006 03:00,3,W
25/10/2006 03:15,2,W
25/10/2006 03:30,3,W
25/10/2006 03:45,0,W
25/10/2006 04:00,4,W
25/10/2006 04:15,3,W
25/10/2006 04:30,1,W
25/10/2006 04:45,4,W
25/10/2006 05:00,7,W
25/10/2006 05:15,3,W
25/10/2006 05:30,12,W
25/10/2006 05:45,15,W
25/10/2006 06:00,14,W
25/10/2006 06:15,23,W
25/10/2006 06:30,26,W
25/10/2006 06:45,34,W
25/10/2006 07:00,40,W
25/10/2006 07:15,46,W
25/10/2006 07:30,63,W
25/10/2006 07:45,102,W
25/10/2006 08:00,139,W
25/10/2006 08:15,128,W
25/10/2006 08:30,130,W
25/10/2006 08:45,137,W
25/10/2006 09:00,95,W
25/10/2006 09:15,86,W
25/10/2006 09:30,101,W
25/10/2006 09:45,96,W
25/10/2006 10:00,91,W
25/10/2006 10:15,88,W
25/10/2006 10:30,97,W
25/10/2006 10:45,78,W
25/10/2006 11:00,104,W
25/10/2006 11:15,97,W
25/10/2006 11:30,109,W
25/10/2006 11:45,117,W
25/10/2006 12:00,115,W
25/10/2006 12:15,113,W
25/10/2006 12:30,125,W
25/10/2006 12:45,119,W
25/10/2006 13:00,131,W
25/10/2006 13:15,108,W
25/10/2006 13:30,93,W
25/10/2006 13:45,112,W
25/10/2006 14:00,95,W
25/10/2006 14:15,141,W
25/10/2006 14:30,118,W
25/10/2006 14:45,141,W
25/10/2006 15:00,181,W
25/10/2006 15:15,184,W
25/10/2006 15:30,224,W
25/10/2006 15:45,169,W
25/10/2006 16:00,177,W
25/10/2006 16:15,168,W
25/10/2006 16:30,193,W
25/10/2006 16:45,186,W
25/10/2006 17:00,227,W
25/10/2006 17:15,216,W
25/10/2006 17:30,233,W
25/10/2006 17:45,244,W
25/10/2006 18:00,254,W
25/10/2006 18:15,218,W
25/10/2006 18:30,202,W
25/10/2006 18:45,180,W
25/10/2006 19:00,150,W
25/10/2006 19:15,106,W
25/10/2006 19:30,94,W
25/10/2006 19:45,86,W
25/10/2006 20:00,79,W
25/10/2006 20:15,72,W
25/10/2006 20:30,67,W
25/10/2006 20:45,69,W
25/10/2006 21:00,49,W
25/10/2006 21:15,63,W
25/10/2006 21:30,57,W
25/10/2006 21:45,62,W
25/10/2006 22:00,66,W
25/10/2006 22:15,70,W
25/10/2006 22:30,39,W
25/10/2006 22:45,28,W
25/10/2006 23:00,34,W
25/10/2006 23:15,28,W
25/10/2006 23:30,26,W
25/10/2006 23:45,18,W
26/10/2006 00:00,14,W
26/10/2006 00:15,15,W
26/10/2006 00:30,12,W
26/10/2006 00:45,6,W
26/10/2006 01:00,9,W
26/10/2006 01:15,10,W
26/10/2006 01:30,6,W
26/10/2006 01:45,7,W
26/10/2006 02:00,4,W
26/10/2006 02:15,3,W
26/10/2006 02:30,5,W
26/10/2006 02:45,4,W
26/10/2006 03:00,8,W
26/10/2006 03:15,5,W
26/10/2006 03:30,5,W
26/10/2006 03:45,2,W
26/10/2006 04:00,3,W
26/10/2006 04:15,8,W
26/10/2006 04:30,3,W
26/10/2006 04:45,12,W
26/10/2006 05:00,4,W
26/10/2006 05:15,5,W
26/10/2006 05:30,7,W
26/10/2006 05:45,15,W
26/10/2006 06:00,16,W
26/10/2006 06:15,24,W
26/10/2006 06:30,22,W
26/10/2006 06:45,39,W
26/10/2006 07:00,40,W
26/10/2006 07:15,58,W
26/10/2006 07:30,82,W
26/10/2006 07:45,90,W
26/10/2006 08:00,133,W
26/10/2006 08:15,127,W
26/10/2006 08:30,173,W
26/10/2006 08:45,108,W
26/10/2006 09:00,97,W
26/10/2006 09:15,109,W
26/10/2006 09:30,97,W
26/10/2006 09:45,112,W
26/10/2006 10:00,110,W
26/10/2006 10:15,124,W
26/10/2006 10:30,92,W
26/10/2006 10:45,107,W
26/10/2006 11:00,110,W
26/10/2006 11:15,92,W
26/10/2006 11:30,116,W
26/10/2006 11:45,124,W
26/10/2006 12:00,131,W
26/10/2006 12:15,125,W
26/10/2006 12:30,111,W
26/10/2006 12:45,105,W
26/10/2006 13:00,114,W
26/10/2006 13:15,98,W
26/10/2006 13:30,131,W
26/10/2006 13:45,97,W
26/10/2006 14:00,120,W
26/10/2006 14:15,93,W
26/10/2006 14:30,125,W
26/10/2006 14:45,122,W
26/10/2006 15:00,156,W
26/10/2006 15:15,196,W
26/10/2006 15:30,211,W
26/10/2006 15:45,144,W
26/10/2006 16:00,154,W
26/10/2006 16:15,158,W
26/10/2006 16:30,185,W
26/10/2006 16:45,195,W
26/10/2006 17:00,225,W
26/10/2006 17:15,217,W
26/10/2006 17:30,260,W
26/10/2006 17:45,248,W
26/10/2006 18:00,264,W
26/10/2006 18:15,267,W
26/10/2006 18:30,230,W
26/10/2006 18:45,232,W
26/10/2006 19:00,143,W
26/10/2006 19:15,154,W
26/10/2006 19:30,108,W
26/10/2006 19:45,97,W
26/10/2006 20:00,72,W
26/10/2006 20:15,82,W
26/10/2006 20:30,69,W
26/10/2006 20:45,62,W
26/10/2006 21:00,57,W
26/10/2006 21:15,65,W
26/10/2006 21:30,54,W
26/10/2006 21:45,49,W
26/10/2006 22:00,69,W
26/10/2006 22:15,68,W
26/10/2006 22:30,47,W
26/10/2006 22:45,50,W
26/10/2006 23:00,48,W
26/10/2006 23:15,34,W
26/10/2006 23:30,33,W
26/10/2006 23:45,28,W
27/10/2006 00:00,27,W
27/10/2006 00:15,11,W
27/10/2006 00:30,9,W
27/10/2006 00:45,11,W
27/10/2006 01:00,10,W
27/10/2006 01:15,15,W
27/10/2006 01:30,6,W
27/10/2006 01:45,3,W
27/10/2006 02:00,4,W
27/10/2006 02:15,3,W
27/10/2006 02:30,4,W
27/10/2006 02:45,7,W
27/10/2006 03:00,7,W
27/10/2006 03:15,3,W
27/10/2006 03:30,8,W
27/10/2006 03:45,4,W
27/10/2006 04:00,3,W
27/10/2006 04:15,9,W
27/10/2006 04:30,2,W
27/10/2006 04:45,6,W
27/10/2006 05:00,2,W
27/10/2006 05:15,5,W
27/10/2006 05:30,10,W
27/10/2006 05:45,8,W
27/10/2006 06:00,16,W
27/10/2006 06:15,19,W
27/10/2006 06:30,28,W
27/10/2006 06:45,40,W
27/10/2006 07:00,46,W
27/10/2006 07:15,45,W
27/10/2006 07:30,94,W
27/10/2006 07:45,92,W
27/10/2006 08:00,127,W
27/10/2006 08:15,145,W
27/10/2006 08:30,125,W
27/10/2006 08:45,139,W
27/10/2006 09:00,118,W
27/10/2006 09:15,89,W
27/10/2006 09:30,104,W
27/10/2006 09:45,107,W
27/10/2006 10:00,99,W
27/10/2006 10:15,104,W
27/10/2006 10:30,102,W
27/10/2006 10:45,107,W
27/10/2006 11:00,89,W
27/10/2006 11:15,100,W
27/10/2006 11:30,78,W
27/10/2006 11:45,131,W
27/10/2006 12:00,120,W
27/10/2006 12:15,126,W
27/10/2006 12:30,127,W
27/10/2006 12:45,146,W
27/10/2006 13:00,131,W
27/10/2006 13:15,105,W
27/10/2006 13:30,129,W
27/10/2006 13:45,105,W
27/10/2006 14:00,106,W
27/10/2006 14:15,128,W
27/10/2006 14:30,115,W
27/10/2006 14:45,147,W
27/10/2006 15:00,151,W
27/10/2006 15:15,220,W
27/10/2006 15:30,184,W
27/10/2006 15:45,147,W
27/10/2006 16:00,158,W
27/10/2006 16:15,188,W
27/10/2006 16:30,233,W
27/10/2006 16:45,211,W
27/10/2006 17:00,238,W
27/10/2006 17:15,236,W
27/10/2006 17:30,265,W
27/10/2006 17:45,229,W
27/10/2006 18:00,261,W
27/10/2006 18:15,216,W
27/10/2006 18:30,186,W
27/10/2006 18:45,164,W
27/10/2006 19:00,129,W
27/10/2006 19:15,111,W
27/10/2006 19:30,110,W
27/10/2006 19:45,122,W
27/10/2006 20:00,82,W
27/10/2006 20:15,75,W
27/10/2006 20:30,51,W
27/10/2006 20:45,67,W
27/10/2006 21:00,70,W
27/10/2006 21:15,53,W
27/10/2006 21:30,61,W
27/10/2006 21:45,65,W
27/10/2006 22:00,52,W
27/10/2006 22:15,58,W
27/10/2006 22:30,48,W
27/10/2006 22:45,61,W
27/10/2006 23:00,51,W
27/10/2006 23:15,46,W
27/10/2006 23:30,39,W
27/10/2006 23:45,38,W
28/10/2006 00:00,39,W
28/10/2006 00:15,30,W
28/10/2006 00:30,29,W
28/10/2006 00:45,30,W
28/10/2006 01:00,25,W
28/10/2006 01:15,33,W
28/10/2006 01:30,30,W
28/10/2006 01:45,15,W
28/10/2006 02:00,19,W
28/10/2006 02:15,20,W
28/10/2006 02:30,24,W
28/10/2006 02:45,14,W
28/10/2006 03:00,9,W
28/10/2006 03:15,15,W
28/10/2006 03:30,6,W
28/10/2006 03:45,6,W
28/10/2006 04:00,9,W
28/10/2006 04:15,5,W
28/10/2006 04:30,6,W
28/10/2006 04:45,8,W
28/10/2006 05:00,7,W
28/10/2006 05:15,4,W
28/10/2006 05:30,9,W
28/10/2006 05:45,6,W
28/10/2006 06:00,8,W
28/10/2006 06:15,11,W
28/10/2006 06:30,12,W
28/10/2006 06:45,14,W
28/10/2006 07:00,22,W
28/10/2006 07:15,29,W
28/10/2006 07:30,35,W
28/10/2006 07:45,39,W
28/10/2006 08:00,57,W
28/10/2006 08:15,44,W
28/10/2006 08:30,66,W
28/10/2006 08:45,79,W
28/10/2006 09:00,71,W
28/10/2006 09:15,105,W
28/10/2006 09:30,87,W
28/10/2006 09:45,106,W
28/10/2006 10:00,103,W
28/10/2006 10:15,99,W
28/10/2006 10:30,132,W
28/10/2006 10:45,117,W
28/10/2006 11:00,103,W
28/10/2006 11:15,118,W
28/10/2006 11:30,117,W
28/10/2006 11:45,119,W
28/10/2006 12:00,140,W
28/10/2006 12:15,132,W
28/10/2006 12:30,132,W
28/10/2006 12:45,111,W
28/10/2006 13:00,140,W
28/10/2006 13:15,149,W
28/10/2006 13:30,121,W
28/10/2006 13:45,115,W
28/10/2006 14:00,126,W
28/10/2006 14:15,127,W
28/10/2006 14:30,123,W
28/10/2006 14:45,117,W
28/10/2006 15:00,129,W
28/10/2006 15:15,119,W
28/10/2006 15:30,100,W
28/10/2006 15:45,113,W
28/10/2006 16:00,116,W
28/10/2006 16:15,115,W
28/10/2006 16:30,107,W
28/10/2006 16:45,105,W
28/10/2006 17:00,111,W
28/10/2006 17:15,119,W
28/10/2006 17:30,86,W
28/10/2006 17:45,95,W
28/10/2006 18:00,94,W
28/10/2006 18:15,92,W
28/10/2006 18:30,83,W
28/10/2006 18:45,77,W
28/10/2006 19:00,107,W
28/10/2006 19:15,73,W
28/10/2006 19:30,66,W
28/10/2006 19:45,62,W
28/10/2006 20:00,60,W
28/10/2006 20:15,50,W
28/10/2006 20:30,54,W
28/10/2006 20:45,50,W
28/10/2006 21:00,39,W
28/10/2006 21:15,54,W
28/10/2006 21:30,54,W
28/10/2006 21:45,44,W
28/10/2006 22:00,51,W
28/10/2006 22:15,39,W
28/10/2006 22:30,44,W
28/10/2006 22:45,64,W
28/10/2006 23:00,65,W
28/10/2006 23:15,47,W
28/10/2006 23:30,43,W
28/10/2006 23:45,52,W
29/10/2006 00:00,51,W
29/10/2006 00:15,37,W
29/10/2006 00:30,42,W
29/10/2006 00:45,41,W
29/10/2006 01:00,36,W
29/10/2006 01:15,35,W
29/10/2006 01:30,27,W
29/10/2006 01:45,0,W
29/10/2006 02:00,0,W
29/10/2006 02:15,0,W
29/10/2006 02:30,0,W
29/10/2006 02:45,35,W
29/10/2006 03:00,27,W
29/10/2006 03:15,25,W
29/10/2006 03:30,12,W
29/10/2006 03:45,20,W
29/10/2006 04:00,14,W
29/10/2006 04:15,19,W
29/10/2006 04:30,9,W
29/10/2006 04:45,8,W
29/10/2006 05:00,9,W
29/10/2006 05:15,8,W
29/10/2006 05:30,12,W
29/10/2006 05:45,8,W
29/10/2006 06:00,18,W
29/10/2006 06:15,11,W
29/10/2006 06:30,18,W
29/10/2006 06:45,12,W
29/10/2006 07:00,9,W
29/10/2006 07:15,15,W
29/10/2006 07:30,15,W
29/10/2006 07:45,17,W
29/10/2006 08:00,14,W
29/10/2006 08:15,27,W
29/10/2006 08:30,28,W
29/10/2006 08:45,48,W
29/10/2006 09:00,42,W
29/10/2006 09:15,32,W
29/10/2006 09:30,47,W
29/10/2006 09:45,53,W
29/10/2006 10:00,55,W
29/10/2006 10:15,66,W
29/10/2006 10:30,55,W
29/10/2006 10:45,68,W
29/10/2006 11:00,71,W
29/10/2006 11:15,87,W
29/10/2006 11:30,92,W
29/10/2006 11:45,103,W
29/10/2006 12:00,90,W
29/10/2006 12:15,92,W
29/10/2006 12:30,90,W
29/10/2006 12:45,78,W
29/10/2006 13:00,94,W
29/10/2006 13:15,99,W
29/10/2006 13:30,95,W
29/10/2006 13:45,83,W
29/10/2006 14:00,109,W
29/10/2006 14:15,99,W
29/10/2006 14:30,86,W
29/10/2006 14:45,106,W
29/10/2006 15:00,92,W
29/10/2006 15:15,104,W
29/10/2006 15:30,104,W
29/10/2006 15:45,100,W
29/10/2006 16:00,115,W
29/10/2006 16:15,141,W
29/10/2006 16:30,143,W
29/10/2006 16:45,109,W
29/10/2006 17:00,119,W
29/10/2006 17:15,116,W
29/10/2006 17:30,101,W
29/10/2006 17:45,108,W
29/10/2006 18:00,98,W
29/10/2006 18:15,111,W
29/10/2006 18:30,95,W
29/10/2006 18:45,95,W
29/10/2006 19:00,58,W
29/10/2006 19:15,59,W
29/10/2006 19:30,71,W
29/10/2006 19:45,54,W
29/10/2006 20:00,41,W
29/10/2006 20:15,45,W
29/10/2006 20:30,51,W
29/10/2006 20:45,68,W
29/10/2006 21:00,34,W
29/10/2006 21:15,56,W
29/10/2006 21:30,44,W
29/10/2006 21:45,39,W
29/10/2006 22:00,42,W
29/10/2006 22:15,33,W
29/10/2006 22:30,42,W
29/10/2006 22:45,28,W
29/10/2006 23:00,34,W
29/10/2006 23:15,29,W
29/10/2006 23:30,22,W
29/10/2006 23:45,15,W
30/10/2006 00:00,14,W
30/10/2006 00:15,13,W
30/10/2006 00:30,6,W
30/10/2006 00:45,4,W
30/10/2006 01:00,2,W
30/10/2006 01:15,3,W
30/10/2006 01:30,14,W
30/10/2006 01:45,1,W
30/10/2006 02:00,5,W
30/10/2006 02:15,5,W
30/10/2006 02:30,1,W
30/10/2006 02:45,3,W
30/10/2006 03:00,3,W
30/10/2006 03:15,2,W
30/10/2006 03:30,3,W
30/10/2006 03:45,1,W
30/10/2006 04:00,4,W
30/10/2006 04:15,0,W
30/10/2006 04:30,7,W
30/10/2006 04:45,5,W
30/10/2006 05:00,10,W
30/10/2006 05:15,6,W
30/10/2006 05:30,5,W
30/10/2006 05:45,12,W
30/10/2006 06:00,9,W
30/10/2006 06:15,21,W
30/10/2006 06:30,17,W
30/10/2006 06:45,46,W
30/10/2006 07:00,31,W
30/10/2006 07:15,46,W
30/10/2006 07:30,65,W
30/10/2006 07:45,85,W
30/10/2006 08:00,134,W
30/10/2006 08:15,128,W
30/10/2006 08:30,116,W
30/10/2006 08:45,110,W
30/10/2006 09:00,108,W
30/10/2006 09:15,75,W
30/10/2006 09:30,103,W
30/10/2006 09:45,103,W
30/10/2006 10:00,82,W
30/10/2006 10:15,102,W
30/10/2006 10:30,101,W
30/10/2006 10:45,96,W
30/10/2006 11:00,98,W
30/10/2006 11:15,90,W
30/10/2006 11:30,85,W
30/10/2006 11:45,123,W
30/10/2006 12:00,103,W
30/10/2006 12:15,99,W
30/10/2006 12:30,124,W
30/10/2006 12:45,118,W
30/10/2006 13:00,108,W
30/10/2006 13:15,106,W
30/10/2006 13:30,110,W
30/10/2006 13:45,94,W
30/10/2006 14:00,90,W
30/10/2006 14:15,95,W
30/10/2006 14:30,134,W
30/10/2006 14:45,128,W
30/10/2006 15:00,150,W
30/10/2006 15:15,193,W
30/10/2006 15:30,186,W
30/10/2006 15:45,156,W
30/10/2006 16:00,151,W
30/10/2006 16:15,157,W
30/10/2006 16:30,176,W
30/10/2006 16:45,186,W
30/10/2006 17:00,212,W
30/10/2006 17:15,213,W
30/10/2006 17:30,256,W
30/10/2006 17:45,266,W
30/10/2006 18:00,231,W
30/10/2006 18:15,210,W
30/10/2006 18:30,176,W
30/10/2006 18:45,147,W
30/10/2006 19:00,150,W
30/10/2006 19:15,119,W
30/10/2006 19:30,86,W
30/10/2006 19:45,94,W
30/10/2006 20:00,73,W
30/10/2006 20:15,55,W
30/10/2006 20:30,58,W
30/10/2006 20:45,60,W
30/10/2006 21:00,53,W
30/10/2006 21:15,46,W
30/10/2006 21:30,58,W
30/10/2006 21:45,63,W
30/10/2006 22:00,49,W
30/10/2006 22:15,39,W
30/10/2006 22:30,37,W
30/10/2006 22:45,39,W
30/10/2006 23:00,37,W
30/10/2006 23:15,24,W
30/10/2006 23:30,22,W
30/10/2006 23:45,18,W
31/10/2006 00:00,17,W
31/10/2006 00:15,7,W
31/10/2006 00:30,4,W
31/10/2006 00:45,6,W
31/10/2006 01:00,9,W
31/10/2006 01:15,6,W
31/10/2006 01:30,4,W
31/10/2006 01:45,4,W
31/10/2006 02:00,3,W
31/10/2006 02:15,5,W
31/10/2006 02:30,3,W
31/10/2006 02:45,5,W
31/10/2006 03:00,5,W
31/10/2006 03:15,1,W
31/10/2006 03:30,7,W
31/10/2006 03:45,5,W
31/10/2006 04:00,1,W
31/10/2006 04:15,0,W
31/10/2006 04:30,3,W
31/10/2006 04:45,4,W
31/10/2006 05:00,6,W
31/10/2006 05:15,4,W
31/10/2006 05:30,9,W
31/10/2006 05:45,9,W
31/10/2006 06:00,14,W
31/10/2006 06:15,15,W
31/10/2006 06:30,24,W
31/10/2006 06:45,40,W
31/10/2006 07:00,45,W
31/10/2006 07:15,53,W
31/10/2006 07:30,67,W
31/10/2006 07:45,95,W
31/10/2006 08:00,124,W
31/10/2006 08:15,128,W
31/10/2006 08:30,128,W
31/10/2006 08:45,125,W
31/10/2006 09:00,92,W
31/10/2006 09:15,94,W
31/10/2006 09:30,85,W
31/10/2006 09:45,113,W
31/10/2006 10:00,81,W
31/10/2006 10:15,83,W
31/10/2006 10:30,98,W
31/10/2006 10:45,96,W
31/10/2006 11:00,113,W
31/10/2006 11:15,105,W
31/10/2006 11:30,112,W
31/10/2006 11:45,146,W
31/10/2006 12:00,116,W
31/10/2006 12:15,103,W
31/10/2006 12:30,111,W
31/10/2006 12:45,95,W
31/10/2006 13:00,89,W
31/10/2006 13:15,99,W
31/10/2006 13:30,110,W
31/10/2006 13:45,110,W
31/10/2006 14:00,119,W
31/10/2006 14:15,128,W
31/10/2006 14:30,130,W
31/10/2006 14:45,141,W
31/10/2006 15:00,157,W
31/10/2006 15:15,214,W
31/10/2006 15:30,180,W
31/10/2006 15:45,147,W
31/10/2006 16:00,171,W
31/10/2006 16:15,144,W
31/10/2006 16:30,163,W
31/10/2006 16:45,175,W
31/10/2006 17:00,181,W
31/10/2006 17:15,259,W
31/10/2006 17:30,207,W
31/10/2006 17:45,274,W
31/10/2006 18:00,208,W
31/10/2006 18:15,297,W
31/10/2006 18:30,183,W
31/10/2006 18:45,183,W
31/10/2006 19:00,153,W
31/10/2006 19:15,121,W
31/10/2006 19:30,88,W
31/10/2006 19:45,80,W
31/10/2006 20:00,80,W
31/10/2006 20:15,70,W
31/10/2006 20:30,60,W
31/10/2006 20:45,49,W
31/10/2006 21:00,59,W
31/10/2006 21:15,65,W
31/10/2006 21:30,58,W
31/10/2006 21:45,52,W
31/10/2006 22:00,36,W
31/10/2006 22:15,44,W
31/10/2006 22:30,44,W
31/10/2006 22:45,32,W
31/10/2006 23:00,26,W
31/10/2006 23:15,36,W
31/10/2006 23:30,25,W
31/10/2006 23:45,21,W
